{"ctclvd": {"0": {"original_transform": [[0.9996035099029541, -0.02815796062350273, 1.92523441633341e-09, -3774.3837890625], [0.02815796062350273, 0.9996035099029541, -6.834554255874536e-08, 2659.7021484375], [0.0, 6.837264976411461e-08, 1.0, 2.372791051864624], [0.0, 0.0, 0.0, 1.0]], "calculated_transform": [[1.9083571473619192, -0.05731825401808881, 4.728219192866749e-10, -3774.3841552734375], [0.05375675943376168, 2.0347896875091007, -1.6785109418880132e-08, 2659.70263671875], [0.0, 1.3917914580071727e-07, 0.24559188576330518, 2.372791111469269], [0.0, 0.0, 0.0, 1.0]], "current_transform": [[1.9083571434020996, -0.057318251579999924, 4.728218927496641e-10, -3774.38427734375], [0.05375675857067108, 2.034789800643921, -1.678511019065354e-08, 2659.70263671875], [0.0, 1.3917914998273773e-07, 0.2455918788909912, 2.372791051864624], [0.0, 0.0, 0.0, 1.0]], "original_world_bb": [[-4549.90576171875, 1392.542236328125, 0.4165836572647095], [-2998.862548828125, 3926.863037109375, 4.328998565673828]], "computed_world_bb": [[-4549.905755967829, 1392.5422408899162, 0.4164337744329685], [-2998.862554579046, 3926.8630325475838, 4.329148448505569]], "current_world_bb": [[-4549.90576171875, 1392.542236328125, 0.41643357276916504], [-2998.86279296875, 3926.863037109375, 4.329148292541504]], "original_lowbb": [[-4438.703785809544, 1518.12901762433, 0.4163093650065579], [-2957.2877285857817, 4011.7249465503487, 4.328894767172679]], "current_lowbb": [[-387.9851989746094, -612.4974975585938, -7.9656243324279785], [387.9851989746094, 612.4974975585938, 7.9656243324279785]]}, "1": {"original_transform": [[-1.6292068494294654e-07, 1.0, -6.837264265868725e-08, 94.557861328125], [-1.0, -1.6292068494294654e-07, 1.1139317583847095e-14, 3573.79296875], [0.0, 6.837264265868725e-08, 1.0, 2.372791051864624], [0.0, 0.0, 0.0, 1.0]], "calculated_transform": [[-2.6093454909008553e-07, 1.4900567256468393, -1.6791560169389418e-08, 94.55801391601562], [-1.6016047881302649, -2.4276106234622723e-07, 2.7356924840576232e-15, 3573.7926025390625], [0.0, 1.0187911604382493e-07, 0.24558887175405042, 2.3727913200855255], [0.0, 0.0, 0.0, 1.0]], "current_transform": [[-2.6093454152942286e-07, 1.4900567531585693, -1.6791560142337403e-08, 94.55801391601562], [-1.6016048192977905, -2.4276107524201507e-07, 2.7356923794168413e-15, 3573.79248046875], [0.0, 1.0187911669845562e-07, 0.24558886885643005, 2.372791290283203], [0.0, 0.0, 0.0, 1.0]], "original_world_bb": [[-818.097900390625, 2952.393798828125, 0.4165850281715393], [1007.2139282226562, 4195.19140625, 4.328997611999512]], "computed_world_bb": [[-818.0979006581493, 2952.3937988281386, 0.41648083742751574], [1007.2139284901806, 4195.191406249986, 4.329101802743535]], "current_world_bb": [[-818.0980224609375, 2952.3935546875, 0.41648077964782715], [1007.2139892578125, 4195.19140625, 4.3291015625]], "original_lowbb": [[-4195.191570345888, -818.0985838455856, 0.41651616232643074], [-2952.3936655430557, 1007.213447512525, 4.329053547561636]], "current_lowbb": [[-387.9851989746094, -612.4974975585938, -7.9656243324279785], [387.9851989746094, 612.4974975585938, 7.9656243324279785]]}}, "tpuwys": {"0": {"original_transform": [[-0.004815722815692425, 0.9999883770942688, 0.0, -2977.7490234375], [-0.9999883770942688, -0.004815722815692425, 0.0, 5859.38671875], [0.0, 0.0, 1.0, 1435.47314453125], [0.0, 0.0, 0.0, 1.0]], "calculated_transform": [[-0.006014996666588055, 0.3419371012662757, 0.0, -2977.7490234375], [-1.2490184724188644, -0.00164669343946235, 0.0, 5859.386474609375], [0.0, 0.0, 0.8801942888511771, 1435.4732055664062], [0.0, 0.0, 0.0, 1.0]], "current_transform": [[-0.00601499667391181, 0.3419370949268341, 0.0, -2977.7490234375], [-1.2490184307098389, -0.001646693330258131, 0.0, 5859.38671875], [0.0, 0.0, 0.8801943063735962, 1435.47314453125], [0.0, 0.0, 0.0, 1.0]], "original_world_bb": [[-3075.090576171875, 5221.25390625, 1421.5001220703125], [-2880.407470703125, 6497.51904296875, 1449.4462890625]], "computed_world_bb": [[-3075.090617243169, 5221.253439435064, 1421.5001220703125], [-2880.407429631831, 6497.519509783686, 1449.4462890625]], "current_world_bb": [[-3075.090576171875, 5221.25390625, 1421.5], [-2880.407470703125, 6497.51953125, 1449.4462890625]], "original_lowbb": [[-6482.907461320627, -3101.177663613263, 1421.5001220703125], [-5207.049571199651, -2910.685893639628, 1449.4462890625]], "current_lowbb": [[-510.73828125, -278.54473876953125, -15.874999046325684], [510.73828125, 278.54473876953125, 15.874999046325684]]}, "1": {"original_transform": [[-0.9999954700469971, 0.003002551617100835, 0.0, -3745.43408203125], [-0.003002551617100835, -0.9999954700469971, 0.0, 5084.94384765625], [0.0, 0.0, 1.0, 1695.788818359375], [0.0, 0.0, 0.0, 1.0]], "calculated_transform": [[-1.708078551291195, 0.0013371998524211945, 0.0, -3745.43359375], [-0.005128617248709735, -0.44535247532558914, 0.0, 5084.943359375], [0.0, 0.0, 1.4669930445749504, 1695.7887573242188], [0.0, 0.0, 0.0, 1.0]], "current_transform": [[-1.7080785036087036, 0.0013371998211368918, 0.0, -3745.43359375], [-0.0051286169327795506, -0.4453524649143219, 0.0, 5084.943359375], [0.0, 0.0, 1.4669930934906006, 1695.788818359375], [0.0, 0.0, 0.0, 1.0]], "original_world_bb": [[-4617.98046875, 4959.125, 1672.500244140625], [-2872.88671875, 5210.76171875, 1719.0772705078125]], "computed_world_bb": [[-4617.9807246598375, 4959.124801362752, 1672.500244140625], [-2872.886462840162, 5210.761917387248, 1719.0772705078125]], "current_world_bb": [[-4617.98046875, 4959.125, 1672.500244140625], [-2872.886474609375, 5210.76171875, 1719.077392578125]], "original_lowbb": [[2857.763793410179, -5220.217443795286, 1672.500244140625], [4602.533865308124, -4972.1151476325285, 1719.0772705078125]], "current_lowbb": [[-510.73828125, -278.54473876953125, -15.874999046325684], [510.73828125, 278.54473876953125, 15.874999046325684]]}, "2": {"original_transform": [[-0.004815722815692425, 0.9999883770942688, 0.0, -2977.7490234375], [-0.9999883770942688, -0.004815722815692425, 0.0, 5859.38671875], [0.0, 0.0, 1.0, 1185.47314453125], [0.0, 0.0, 0.0, 1.0]], "calculated_transform": [[-0.006014996666588055, 0.3419371012662757, 0.0, -2977.7490234375], [-1.2490184724188644, -0.00164669343946235, 0.0, 5859.386474609375], [0.0, 0.0, 0.8801942888511771, 1185.4732055664062], [0.0, 0.0, 0.0, 1.0]], "current_transform": [[-0.00601499667391181, 0.3419370949268341, 0.0, -2977.7490234375], [-1.2490184307098389, -0.001646693330258131, 0.0, 5859.38671875], [0.0, 0.0, 0.8801943063735962, 1185.47314453125], [0.0, 0.0, 0.0, 1.0]], "original_world_bb": [[-3075.090576171875, 5221.25390625, 1171.5001220703125], [-2880.407470703125, 6497.51904296875, 1199.4462890625]], "computed_world_bb": [[-3075.090617243169, 5221.253439435064, 1171.5001220703125], [-2880.407429631831, 6497.519509783686, 1199.4462890625]], "current_world_bb": [[-3075.090576171875, 5221.25390625, 1171.5], [-2880.407470703125, 6497.51953125, 1199.4462890625]], "original_lowbb": [[-6482.907461320627, -3101.177663613263, 1171.5001220703125], [-5207.049571199651, -2910.685893639628, 1199.4462890625]], "current_lowbb": [[-510.73828125, -278.54473876953125, -15.874999046325684], [510.73828125, 278.54473876953125, 15.874999046325684]]}, "3": {"original_transform": [[-0.9999954700469971, 0.003002551617100835, 0.0, -3765.43408203125], [-0.003002551617100835, -0.9999954700469971, 0.0, 5094.943359375], [0.0, 0.0, 1.0, 1185.47314453125], [0.0, 0.0, 0.0, 1.0]], "calculated_transform": [[-1.708078552726453, 0.0013371996631361433, 0.0, -3765.43359375], [-0.005128617253019192, -0.44535241228447686, 0.0, 5094.943115234375], [0.0, 0.0, 0.8801942888511771, 1185.4732055664062], [0.0, 0.0, 0.0, 1.0]], "current_transform": [[-1.7080785036087036, 0.00133719970472157, 0.0, -3765.43359375], [-0.0051286169327795506, -0.4453524053096771, 0.0, 5094.943359375], [0.0, 0.0, 0.8801943063735962, 1185.47314453125], [0.0, 0.0, 0.0, 1.0]], "original_world_bb": [[-4637.98046875, 4969.125, 1171.5001220703125], [-2892.88671875, 5220.76123046875, 1199.4462890625]], "computed_world_bb": [[-4637.980725368672, 4969.124574772225, 1171.5001220703125], [-2892.886462131328, 5220.761655696525, 1199.4462890625]], "current_world_bb": [[-4637.98046875, 4969.125, 1171.5], [-2892.886474609375, 5220.76171875, 1199.4462890625]], "original_lowbb": [[2877.73367773997, -5230.277188052908, 1171.5001220703125], [4622.503751104005, -4982.174927009849, 1199.4462890625]], "current_lowbb": [[-510.73828125, -278.54473876953125, -15.874999046325684], [510.73828125, 278.54473876953125, 15.874999046325684]]}, "4": {"original_transform": [[-1.0, -3.8941436741879443e-07, 0.0, -3775.2470703125], [3.8941436741879443e-07, -1.0, 0.0, 5081.265625], [0.0, 0.0, 1.0, 1435.47314453125], [0.0, 0.0, 0.0, 1.0]], "calculated_transform": [[-1.649885731393055, -1.7854132209745137e-07, 0.0, -3775.2474365234375], [6.424892084037215e-07, -0.45848673555857705, 0.0, 5081.265625], [0.0, 0.0, 0.8801942888511771, 1435.4732055664062], [0.0, 0.0, 0.0, 1.0]], "current_transform": [[-1.6498857736587524, -1.7854132750017015e-07, 0.0, -3775.24755859375], [6.424892262657522e-07, -0.45848673582077026, 0.0, 5081.265625], [0.0, 0.0, 0.8801943063735962, 1435.47314453125], [0.0, 0.0, 0.0, 1.0]], "original_world_bb": [[-4617.9072265625, 4953.556640625, 1421.5001220703125], [-2932.587646484375, 5208.974609375, 1449.4462890625]], "computed_world_bb": [[-4617.907251905569, 4953.556473404015, 1421.5001220703125], [-2932.5876211413056, 5208.974776595985, 1449.4462890625]], "current_world_bb": [[-4617.9072265625, 4953.556640625, 1421.5], [-2932.587890625, 5208.974609375, 1449.4462890625]], "original_lowbb": [[2932.5896125302424, -5208.973222849633, 1421.5001220703125], [4617.909217951546, -4953.555086878696, 1449.4462890625]], "current_lowbb": [[-510.73828125, -278.54473876953125, -15.874999046325684], [510.73828125, 278.54473876953125, 15.874999046325684]]}}, "ktydvs": {"0": {"original_transform": [[0.00197479035705328, -0.9999917149543762, 0.0035753250122070312, -3744.85302734375], [0.0010575487976893783, 0.00357741117477417, 0.999993085861206, 7370.28076171875], [-0.9999974966049194, -0.0019709954503923655, 0.001064604613929987, 1000.0001220703125], [0.0, 0.0, 0.0, 1.0]], "calculated_transform": [[0.002071965156304152, -0.9364621991069165, 0.003610638560328815, -3762.9437163735274], [0.0011095882922850541, 0.0033501380920777576, 1.0098720918620305, 7386.306166675243], [-1.0492050267292607, -0.0018457782067419594, 0.0010751219622355211, 1059.6369205495635], [0.0, 0.0, 0.0, 1.0]], "current_transform": [[0.002071978524327278, -0.9364622235298157, 0.0036114586982876062, -3762.943603515625], [0.0011095638619735837, 0.0033508918713778257, 1.0098720788955688, 7386.30615234375], [-1.0492050647735596, -0.0018457890255376697, 0.0010751000372692943, 1059.636962890625], [0.0, 0.0, 0.0, 1.0]], "original_world_bb": [[-4128.9111328125, 7301.31787109375, 11.713390350341797], [-3360.797607421875, 7479.56689453125, 1988.286865234375]], "computed_world_bb": [[-4129.334861286368, 7301.279146682401, 11.714384891188274], [-3360.373878948007, 7479.605618942599, 1988.2858706935285]], "current_world_bb": [[-4129.3349609375, 7301.279296875, 11.71435546875], [-3360.37353515625, 7479.60595703125, 1988.2861328125]], "original_lowbb": [[-1988.587869606886, 3383.397580977458, 7286.553310660043], [-10.482869974751951, 4155.466777423323, 7466.488001804]], "current_lowbb": [[-885.7482299804688, -431.2467041015625, -86.48326110839844], [999.583984375, 393.1995544433594, 91.69122314453125]]}, "1": {"original_transform": [[0.00197479035705328, -0.9999917149543762, 0.0035753250122070312, -179.7998046875], [0.0010575487976893783, 0.00357741117477417, 0.999993085861206, 7370.28076171875], [-0.9999974966049194, -0.0019709954503923655, 0.001064604613929987, 1000.0001220703125], [0.0, 0.0, 0.0, 1.0]], "calculated_transform": [[0.0020721094361351123, -1.0211586680663562, 0.003611489717489561, -199.50182948534103], [0.001109665557682476, 0.0036531346969552437, 1.010110154976924, 7386.217369893455], [-1.0492780873806131, -0.002012715961135484, 0.001075375407087877, 1059.6378469650967], [0.0, 0.0, 0.0, 1.0]], "current_transform": [[0.0020721226464957, -1.0211586952209473, 0.003612309927120805, -199.5018310546875], [0.0011096411617472768, 0.003653956577181816, 1.0101101398468018, 7386.21728515625], [-1.0492781400680542, -0.0020127277821302414, 0.0010753534734249115, 1059.6378173828125], [0.0, 0.0, 0.0, 1.0]], "original_world_bb": [[-598.7723999023438, 7301.31689453125, 11.713421821594238], [239.16998291015625, 7479.56787109375, 1988.2867431640625]], "computed_world_bb": [[-598.8767402243988, 7301.270470992198, 11.713654980365163], [239.27432323221126, 7479.614294632802, 1988.2865100052913]], "current_world_bb": [[-598.876708984375, 7301.27001953125, 11.713623046875], [239.27435302734375, 7479.6142578125, 1988.28662109375]], "original_lowbb": [[-1981.6164634753293, -216.5399786655015, 7299.176969032653], [-3.3737198979849032, 625.3574871901479, 7479.1540772444705]], "current_lowbb": [[-885.7482299804688, -431.2467041015625, -86.48326110839844], [999.583984375, 393.1995544433594, 91.69122314453125]]}, "2": {"original_transform": [[-0.00105771841481328, -0.0035262107849121094, -0.9999932050704956, 3324.1650390625], [0.0019748348277062178, -0.9999918341636658, 0.003524094820022583, 9770.171875], [-0.9999974966049194, -0.0019710937049239874, 0.0010646734153851867, 1000.0001220703125], [0.0, 0.0, 0.0, 1.0]], "calculated_transform": [[-0.001109634279095455, -0.0027902175318490004, -1.0571331081849968, 3307.173120138419], [0.0020717654053146327, -0.7912728187337483, 0.003725486104794748, 9754.836651729143], [-1.0490802520804592, -0.001559685760697564, 0.0011255091927401312, 1059.6331107069], [0.0, 0.0, 0.0, 1.0]], "current_transform": [[-0.0011095576919615269, -0.002833395963534713, -1.0571329593658447, 3307.173095703125], [0.002071806462481618, -0.7912726998329163, 0.0037831799127161503, 9754.8369140625], [-1.0490802526474, -0.0015596707817167044, 0.0011255459394305944, 1059.633056640625], [0.0, 0.0, 0.0, 1.0]], "original_world_bb": [[3209.678466796875, 9445.96484375, 11.713336944580078], [3396.42431640625, 10094.373046875, 1988.2869873046875]], "computed_world_bb": [[3209.6783619147395, 9444.98928065035, 11.715474572917174], [3396.4244212883855, 10095.348609974651, 1988.2848496763504]], "current_world_bb": [[3209.667724609375, 9444.9912109375, 11.7154541015625], [3396.407958984375, 10095.3515625, 1988.284912109375]], "original_lowbb": [[-1973.087967270898, -10109.745165686485, -3363.0702125740977], [4.781790634582191, -9457.37792765901, -3174.7147898482017]], "current_lowbb": [[-885.7482299804688, -431.2467041015625, -86.48326110839844], [999.583984375, 393.1995544433594, 91.69122314453125]]}}, "lvgliq": {"0": {"original_transform": [[-0.0014617713168263435, -0.9999495148658752, -0.00994214415550232, 2588.90087890625], [0.0012232600711286068, -0.009943902492523193, 0.9999498128890991, 10904.7734375], [-0.9999982118606567, 0.0014495361829176545, 0.0012377339880913496, 1000.0001220703125], [0.0, 0.0, 0.0, 1.0]], "calculated_transform": [[-0.001584220090190393, -1.0630003084021504, -0.011567850788414465, 2590.6659610787874], [0.0013257293790776231, -0.010570905089767619, 1.1634621630306172, 10906.178449806694], [-1.0837654557510545, 0.0015409351498945848, 0.0014401289359353164, 1013.908097792986], [0.0, 0.0, 0.0, 1.0]], "current_transform": [[-0.0015842877328395844, -1.0630005598068237, -0.011528532020747662, 2590.666015625], [0.0013258501421660185, -0.010534915141761303, 1.1634626388549805, 10906.1787109375], [-1.0837655067443848, 0.0015410446794703603, 0.0014402021188288927, 1013.9080810546875], [0.0, 0.0, 0.0, 1.0]], "original_world_bb": [[2171.08251953125, 10819.8779296875, 11.551497459411621], [3006.718505859375, 10989.6640625, 1988.44873046875]], "computed_world_bb": [[2170.9053066931615, 10819.880625556936, 11.540254549815245], [3006.8957186974635, 10989.661366630564, 1988.4599733783464]], "current_world_bb": [[2170.90771484375, 10819.8896484375, 11.54022216796875], [3006.893310546875, 10989.671875, 1988.4599609375]], "original_lowbb": [[-1979.5858817393773, -3115.675555242148, 10797.724983584238], [-1.3007441566171538, -2275.8369539399873, 10967.879692516473]], "current_lowbb": [[-899.8555297851562, -393.3546142578125, -71.68144989013672], [925.5223999023438, 396.6697998046875, 74.55980682373047]]}, "1": {"original_transform": [[0.0014657607534900308, 0.9999127388000488, 0.013128042221069336, -1604.72119140625], [-0.0012184769148007035, 0.013129770755767822, -0.9999130964279175, 4849.5908203125], [-0.9999982118606567, 0.0014496372314170003, 0.0012376157101243734, 1000.0001220703125], [0.0, 0.0, 0.0, 1.0]], "calculated_transform": [[0.0015886175903981727, 1.1509902550229665, 0.014380765300322732, -1606.6284981882634], [-0.0013206069651800505, 0.015113557017535079, -1.0953333448527809, 4847.866997378013], [-1.0838158587245614, 0.001668663806939159, 0.0013557195803124361, 1013.9082731929843], [0.0, 0.0, 0.0, 1.0]], "current_transform": [[0.001588665065355599, 1.1509900093078613, 0.014402019791305065, -1606.6285400390625], [-0.0013206038856878877, 0.015135821886360645, -1.0953330993652344, 4847.8671875], [-1.0838159322738647, 0.0016686867456883192, 0.00135574780870229, 1013.9082641601562], [0.0, 0.0, 0.0, 1.0]], "original_world_bb": [[-2057.5634765625, 4770.6455078125, 11.551224708557129], [-1151.8790283203125, 4930.57763671875, 1988.44873046875]], "computed_world_bb": [[-2057.4943826510835, 4770.630168174119, 11.472187948707187], [-1151.9481222317286, 4930.592976357131, 1988.5277672285997]], "current_world_bb": [[-2057.49560546875, 4770.63623046875, 11.47210693359375], [-1151.947021484375, 4930.599609375, 1988.52783203125]], "original_lowbb": [[-1997.4480596613892, -1994.1525050350513, -4945.803611953704], [-19.07091743607171, -1084.7627589888466, -4785.606759316856]], "current_lowbb": [[-899.8555297851562, -393.3546142578125, -71.68144989013672], [925.5223999023438, 396.6697998046875, 74.55980682373047]]}, "2": {"original_transform": [[0.0014633479295298457, 0.999936580657959, 0.011164158582687378, 2295.27880859375], [-0.0012213736772537231, 0.011165887117385864, -0.9999369382858276, 5299.58984375], [-0.9999982118606567, 0.00144962000194937, 0.0012376358499750495, 1000.0001220703125], [0.0, 0.0, 0.0, 1.0]], "calculated_transform": [[0.0015860025242325538, 1.151018147862524, 0.012229608063379164, 2293.3692611498245], [-0.0013237465240258798, 0.012852953834963203, -1.0953717938736338, 5297.857628051007], [-1.0838158555693602, 0.0016686447478062446, 0.0013557568717641575, 1013.9080605692066], [0.0, 0.0, 0.0, 1.0]], "current_transform": [[0.0015858977567404509, 1.1510183811187744, 0.01220284029841423, 2293.369140625], [-0.0013237243983894587, 0.012824788689613342, -1.0953720808029175, 5297.857421875], [-1.0838159322738647, 0.001668568467721343, 0.0013556942576542497, 1013.9080810546875], [0.0, 0.0, 0.0, 1.0]], "original_world_bb": [[1842.56396484375, 5220.060546875, 11.551043510437012], [2747.995361328125, 5379.91015625, 1988.448486328125]], "computed_world_bb": [[1842.6324349861356, 5220.0432424352575, 11.471983246621903], [2747.926891185739, 5379.927460689742, 1988.52754659194]], "current_world_bb": [[1842.6339111328125, 5220.0361328125, 11.47198486328125], [2747.92529296875, 5379.9189453125, 1988.527587890625]], "original_lowbb": [[-1992.3005434587828, 1901.0633741163151, -5349.1868663215455], [-13.923406992669198, 2810.4534593122276, -5188.9882122621275]], "current_lowbb": [[-899.8555297851562, -393.3546142578125, -71.68144989013672], [925.5223999023438, 396.6697998046875, 74.55980682373047]]}}, "xsuyua": {"0": {"original_transform": [[-0.9993416666984558, -0.036279432475566864, -1.8651906685818176e-09, 4341.52197265625], [0.036279432475566864, -0.9993416666984558, 8.090634273649755e-10, 6484.1279296875], [-1.893315060286227e-09, 7.408627600291595e-10, 1.0, 600.0000610351562], [0.0, 0.0, 0.0, 1.0]], "calculated_transform": [[-1.3284696422748785, -0.048308740826759615, -2.5930858060434458e-09, 4316.780601328233], [0.048227874698728794, -1.3306971548254183, 1.124802437365017e-09, 6475.832468420413], [-2.516868519213891e-09, 9.865134215247191e-10, 1.3902524416514044, 660.8736435491503], [0.0, 0.0, 0.0, 1.0]], "current_transform": [[-1.3284696340560913, -0.04830882325768471, -2.593086190216809e-09, 4316.78076171875], [0.048227958381175995, -1.3306970596313477, 1.124802695429139e-09, 6475.83251953125], [-2.516868713442477e-09, 9.86513426504132e-10, 1.3902524709701538, 660.8736572265625], [0.0, 0.0, 0.0, 1.0]], "original_world_bb": [[3941.020263671875, 6068.27490234375, 8.517160415649414], [4733.76220703125, 6899.9814453125, 1191.48291015625]], "computed_world_bb": [[3941.0206748327346, 6068.274586287616, 8.517158469946025], [4733.76179587039, 6899.981761368635, 1191.4829121019534]], "current_world_bb": [[3941.0205078125, 6068.2744140625, 8.51715087890625], [4733.76171875, 6899.98193359375, 1191.48291015625]], "original_lowbb": [[-4481.296087567366, -7040.254587802042, 8.51715655041958], [-3711.5615705690443, -6234.958339140686, 1191.4829082390345]], "current_lowbb": [[-302.62744140625, -309.4643249511719, -469.2359924316406], [276.40557861328125, 295.30596923828125, 381.6639709472656]]}}, "tcxiue": {"0": {"original_transform": [[-0.25766271352767944, -0.9662349224090576, -8.629956194106114e-10, 681.8692626953125], [0.9662349224090576, -0.25766271352767944, 3.236232615222434e-09, 2342.4287109375], [-3.3493228190906166e-09, 0.0, 1.0, 400.5005187988281], [0.0, 0.0, 0.0, 1.0]], "calculated_transform": [[-0.2659454345288403, -1.00123687814677, -9.187287167573182e-10, 673.5669517262413], [0.997295118020297, -0.2669965708381448, 3.445231784596642e-09, 2388.4328260955926], [-3.456988790909115e-09, 9.632995432428202e-26, 1.0645809892981772, 418.2357442938941], [0.0, 0.0, 0.0, 1.0]], "current_transform": [[-0.2659454941749573, -1.001236915588379, -9.187288152467943e-10, 673.5669555664062], [0.9972951412200928, -0.2669966220855713, 3.445231877563515e-09, 2388.432861328125], [-3.4569889173496904e-09, 1.1504409430541788e-16, 1.064581036567688, 418.2357482910156], [0.0, 0.0, 0.0, 1.0]], "original_world_bb": [[215.874755859375, 1857.4615478515625, 5.022214889526367], [1147.8634033203125, 2827.3955078125, 795.978759765625]], "computed_world_bb": [[215.8748364696309, 1857.4616146962044, 5.022214889526083], [1147.8633227100568, 2827.3954409678586, 795.9787597656252]], "current_world_bb": [[215.87481689453125, 1857.461669921875, 5.022216796875], [1147.8634033203125, 2827.3955078125, 795.978759765625]], "original_lowbb": [[1673.023242013218, -1660.9804331521254, 5.022220671418814], [2489.40511165858, -871.4875255424654, 795.9787678779826]], "current_lowbb": [[-446.8467712402344, -380.9466247558594, -388.1466369628906], [344.1093444824219, 380.9466247558594, 354.827880859375]]}, "1": {"original_transform": [[0.789352297782898, -0.6139405369758606, 2.6437962930003778e-09, -1039.651123046875], [0.6139405369758606, 0.789352297782898, 2.0562853642047685e-09, -928.947265625], [-3.3493234852244314e-09, 0.0, 1.0, 350.43798828125], [0.0, 0.0, 0.0, 1.0]], "calculated_transform": [[0.6889233839823754, -0.5473468015769976, 2.4627183257397983e-09, -1012.505322382217], [0.5358291772702183, 0.7037317614456702, 1.9154471527754155e-09, -909.6394266237014], [-2.923190666542013e-09, -1.6575765596515455e-25, 0.9315084184917192, 365.9563490268189], [0.0, 0.0, 0.0, 1.0]], "current_transform": [[0.6889233589172363, -0.547346830368042, 2.462718473594805e-09, -1012.5053100585938], [0.5358292460441589, 0.7037317156791687, 1.9154478003713393e-09, -909.639404296875], [-2.923191022574656e-09, 0.0, 0.9315084218978882, 365.95635986328125], [0.0, 0.0, 0.0, 1.0]], "original_world_bb": [[-1501.531494140625, -1387.867431640625, 4.3944902420043945], [-577.77099609375, -470.0276184082031, 696.4815063476562]], "computed_world_bb": [[-1501.5314953926952, -1387.8674231002087, 4.3944902420043945], [-577.7709948416798, -470.02762694861946, 696.4815063476562]], "current_world_bb": [[-1501.531494140625, -1387.867431640625, 4.394500732421875], [-577.7709350585938, -470.027587890625, 696.4815063476562]], "original_lowbb": [[-1747.6825965497378, -436.03348366831233, 4.394484539301485], [-1057.3594362383171, 243.2177060143707, 696.4815026155678]], "current_lowbb": [[-446.8467712402344, -380.9466247558594, -388.1466369628906], [344.1093444824219, 380.9466247558594, 354.827880859375]]}, "2": {"original_transform": [[0.4079396426677704, -0.9130089282989502, 1.366319279938466e-09, -732.93310546875], [0.9130089282989502, 0.4079396426677704, 3.0579565546418053e-09, 2417.5791015625], [-3.3493172679754935e-09, 0.0, 1.0, 400.5005187988281], [0.0, 0.0, 0.0, 1.0]], "calculated_transform": [[0.40131455459467535, -1.0021977215802451, 1.4545575226381684e-09, -719.8220182661371], [0.8981813314467638, 0.44778990407641667, 3.2554423889972476e-09, 2455.8155961297393], [-3.294923138147942e-09, 0.0, 1.0645810347185574, 418.23578916743486], [0.0, 0.0, 0.0, 1.0]], "current_transform": [[0.40131455659866333, -1.0021977424621582, 1.4545576965119267e-09, -719.822021484375], [0.8981813192367554, 0.44778990745544434, 3.2554425821729183e-09, 2455.815673828125], [-3.2949232231516135e-09, 1.2186769908426991e-16, 1.064581036567688, 418.23577880859375], [0.0, 0.0, 0.0, 1.0]], "original_world_bb": [[-1249.6231689453125, 1909.1341552734375, 5.022242069244385], [-216.24366760253906, 2926.024658203125, 795.9788208007812]], "computed_world_bb": [[-1249.6231398335642, 1909.1342255797188, 5.02224206924393], [-216.2436967142874, 2926.0245878968435, 795.9788208007817]], "current_world_bb": [[-1249.6231689453125, 1909.13427734375, 5.022247314453125], [-216.24365234375, 2926.024658203125, 795.9788208007812]], "original_lowbb": [[1508.9476730124231, 1240.8684102656553, 5.022247293223056], [2287.05839540348, 2077.1884901253998, 795.9788282459718]], "current_lowbb": [[-446.8467712402344, -380.9466247558594, -388.1466369628906], [344.1093444824219, 380.9466247558594, 354.827880859375]]}}, "jrhgeu": {"0": {"original_transform": [[0.0007091908482834697, 0.9999997615814209, 5.0833477871492505e-08, 3574.56201171875], [-0.9997462034225464, 0.0007090121507644653, -0.02251850627362728, 5002.29541015625], [-0.022518500685691833, 1.5919096767902374e-05, 0.9997464418411255, 400.0635070800781], [0.0, 0.0, 0.0, 1.0]], "calculated_transform": [[0.0010109286536067693, 1.1517154808661207, 5.890258409452737e-08, 3575.33884432385], [-1.4251059299773423, 0.0008165804638098478, -0.02609271332117137, 4990.180087354649], [-0.03209939557811433, 1.8334274536901785e-05, 1.1584293060053572, 377.5651211087783], [0.0, 0.0, 0.0, 1.0]], "current_transform": [[0.0010109286522492766, 1.1517155170440674, 5.7822781229788234e-08, 3575.3388671875], [-1.4251059293746948, 0.0008165804902091622, -0.026092713698744774, 4990.18017578125], [-0.032099395990371704, 1.8335347704123706e-05, 1.1584292650222778, 377.56512451171875], [0.0, 0.0, 0.0, 1.0]], "original_world_bb": [[3180.489013671875, 4739.83935546875, 4.433993816375732], [3968.634521484375, 5199.13671875, 795.6929931640625]], "computed_world_bb": [[3180.433098666296, 4739.880539674674, 3.4662018533089736], [3968.690436489954, 5199.095534544076, 796.6607851271292]], "current_world_bb": [[3180.43310546875, 4739.880859375, 3.46624755859375], [3968.6904296875, 5199.095703125, 796.6607666015625]], "original_lowbb": [[-5213.330802247733, 3183.8954090476227, -106.05154085368173], [-4736.812046127415, 3972.332336268001, 687.279804649288]], "current_lowbb": [[-153.25900268554688, -342.9552001953125, -319.6307678222656], [181.0303955078125, 341.6207580566406, 365.0292053222656]]}}, "skczfi": {"0": {"original_transform": [[2.2212650492292596e-06, 1.0, -2.8554127311508637e-06, -3180.4375], [-1.0, 2.2212650492292596e-06, -6.342628679212314e-12, 10445.6748046875], [0.0, 2.8554127311508637e-06, 1.0, 548.1441650390625], [0.0, 0.0, 0.0, 1.0]], "calculated_transform": [[3.072376344851439e-06, 2.5737752821053177, -6.433161551306037e-06, -3228.686498480417], [-1.383165122918357, 5.7170370787107205e-06, -1.4289756909961584e-11, 10443.463999235268], [0.0, 7.349190707644931e-06, 2.252970816147099, 741.9819697019342], [0.0, 0.0, 0.0, 1.0]], "current_transform": [[3.072376330237603e-06, 2.573775291442871, -6.433162070607068e-06, -3228.6865234375], [-1.3831651210784912, 5.7170373111148365e-06, -1.4545891401096522e-11, 10443.4638671875], [-1.5724768221477697e-13, 7.349190582317533e-06, 2.2529709339141846, 741.9819946289062], [0.0, 0.0, 0.0, 1.0]], "original_world_bb": [[-4716.724609375, 10101.671875, 6.489872455596924], [-1644.1505126953125, 10789.677734375, 1089.7984619140625]], "computed_world_bb": [[-4716.724607588545, 10101.668701237051, 6.488994439874546], [-1644.1505144817668, 10789.68090813795, 1089.799339929785]], "current_world_bb": [[-4716.724609375, 10101.6689453125, 6.489013671875], [-1644.1505126953125, 10789.6806640625, 1089.79931640625]], "original_lowbb": [[-10789.688211443901, -4716.699162139364, 6.496029367205175], [-10101.675527069146, -1644.1234341261074, 1089.8119300366836]], "current_lowbb": [[-250.3078155517578, -578.15380859375, -326.45574951171875], [247.11123657226562, 615.6472778320312, 154.3831024169922]]}}, "uhrsex": {"0": {"original_transform": [[-2.821299744937278e-07, -1.0, 0.0, -3910.4384765625], [1.0, -2.821299744937278e-07, 0.0, 2704.677734375], [0.0, 0.0, 1.0, 509.3548278808594], [0.0, 0.0, 0.0, 1.0]], "calculated_transform": [[-3.919799896385349e-07, -0.7200894882356434, 0.0, -3916.2858068821674], [1.3893596039978704, -2.031588289491236e-07, 0.0, 2703.369849639311], [0.0, 0.0, 2.2624951638538175, 508.53661702528507], [0.0, 0.0, 0.0, 1.0]], "current_transform": [[-3.91979995129077e-07, -0.7200894951820374, 0.0, -3916.285888671875], [1.3893595933914185, -2.0315883375587873e-07, 0.0, 2703.369873046875], [0.0, 0.0, 2.262495279312134, 508.53662109375], [0.0, 0.0, 0.0, 1.0]], "original_world_bb": [[-4340.259765625, 2290.023193359375, 24.96148681640625], [-3480.616943359375, 3119.33203125, 993.7481689453125]], "computed_world_bb": [[-4340.259792705976, 2290.0231933594096, 24.96148681640625], [-3480.616916278399, 3119.332031249966, 993.7481689453125]], "current_world_bb": [[-4340.259765625, 2290.023193359375, 24.961456298828125], [-3480.616943359375, 3119.33203125, 993.7481689453125]], "original_lowbb": [[2290.024176383321, 3480.616295270799, 24.96148681640625], [3119.333254728827, 4340.25911753639, 993.7481689453125]], "current_lowbb": [[-297.50885009765625, -605.0204467773438, -213.73532104492188], [299.3913879394531, 588.779541015625, 214.45860290527344]]}}, "fqluyq": {"0": {"original_transform": [[-4.371138828673793e-08, -1.0, 0.0, 64.56201171875], [1.0, -4.371138828673793e-08, 0.0, 3469.52099609375], [0.0, 0.0, 1.0, 215.03671264648438], [0.0, 0.0, 0.0, 1.0]], "calculated_transform": [[-4.141438146992132e-08, -1.0071305091803038, 0.0, 72.80644826797504], [0.9474506093984316, -4.402307274220034e-08, 0.0, 3468.1720410424914], [0.0, 0.0, 0.8994551556485313, 281.93112088121734], [0.0, 0.0, 0.0, 1.0]], "current_transform": [[-4.1414381257709465e-08, -1.00713050365448, 0.0, 72.80644989013672], [0.9474506378173828, -4.4023071410492776e-08, 0.0, 3468.172119140625], [0.0, 0.0, 0.8994551301002502, 281.9311218261719], [0.0, 0.0, 0.0, 1.0]], "original_world_bb": [[-539.0244140625, 3221.00732421875, 31.945226669311523], [668.1484375, 3718.034423828125, 398.12823486328125]], "computed_world_bb": [[-539.0244140624987, 3221.007293081648, 31.945226669311552], [668.1484374999987, 3718.034454965227, 398.12823486328125]], "current_world_bb": [[-539.0244140625, 3221.00732421875, 31.945236206054688], [668.1484375, 3718.034423828125, 398.12823486328125]], "original_lowbb": [[3221.007305828102, -668.1485891575786, 31.945226669311523], [3718.0344365745786, 539.02426240492, 398.12823486328125]], "current_lowbb": [[-260.87347412109375, -591.126953125, -277.93035888671875], [263.72076416015625, 607.4990844726562, 129.1861114501953]]}}, "qlmqyy": {"0": {"original_transform": [[-0.9999991655349731, 0.0012713349424302578, -4.947959837409144e-07, -1265.195556640625], [-0.0012713349424302578, -0.9999991655349731, 2.199309108164016e-07, 61.97265625], [-4.94515973059606e-07, 2.2055979798096814e-07, 1.0, 199.8728790283203], [0.0, 0.0, 0.0, 1.0]], "calculated_transform": [[-0.8830101234458737, 0.0011401123312214812, -4.958825026942687e-07, -1259.6226554181408], [-0.001122602561228971, -0.8967828554731714, 2.204138712228867e-07, 65.13139891701184], [-4.366629747973e-07, 1.9779441048842809e-07, 1.0021958764548216, 252.21764700093712], [0.0, 0.0, 0.0, 1.0]], "current_transform": [[-0.8830101490020752, 0.001140169333666563, -4.958824888490199e-07, -1259.6226806640625], [-0.0011226587230339646, -0.8967828154563904, 2.204138240813336e-07, 65.13140106201172], [-4.3666298665812064e-07, 1.9779442084200127e-07, 1.0021958351135254, 252.2176513671875], [0.0, 0.0, 0.0, 1.0]], "original_world_bb": [[-1489.845947265625, -224.87937927246094, 2.111560821533203], [-1040.5455322265625, 348.8242492675781, 397.6341857910156]], "computed_world_bb": [[-1489.8459513403343, -224.87938305748173, 2.1115595384961523], [-1040.5455281518532, 348.8242530525989, 397.63418707405265]], "current_world_bb": [[-1489.845947265625, -224.87936401367188, 2.1115875244140625], [-1040.5455322265625, 348.8242492675781, 397.6341857910156]], "original_lowbb": [[1040.8296639421328, -350.14769497237046, 2.1120720157466093], [1489.4018100031446, 222.98612188978421, 397.6349995521096]], "current_lowbb": [[-247.68557739257812, -316.0350036621094, -249.55821228027344], [260.3174133300781, 323.0643615722656, 145.0980987548828]]}}, "pjqqmb": {"0": {"original_transform": [[-0.9998620748519897, 0.016589468345046043, -0.0007845613290555775, 819.387939453125], [-0.01659093238413334, -0.9998605251312256, 0.0019003677880391479, 21.4482421875], [-0.0007529258145950735, 0.0019131222506985068, 0.9999978542327881, 149.5738067626953], [0.0, 0.0, 0.0, 1.0]], "calculated_transform": [[-0.659221473227596, 0.012465224648559294, -0.0006986761615128729, 820.6640796211802], [-0.010938607597559732, -0.7512891638200941, 0.001692336431696589, 3.499318458483657], [-0.0004964133326108268, 0.0014375085109601124, 0.890529112155625, 133.21515159396213], [0.0, 0.0, 0.0, 1.0]], "current_transform": [[-0.6592214703559875, 0.012465225532650948, -0.0006986762164160609, 820.6640625], [-0.010938608087599277, -0.7512891292572021, 0.0016923364019021392, 3.4993183612823486], [-0.0004964133258908987, 0.0014375083846971393, 0.8905290961265564, 133.21514892578125], [0.0, 0.0, 0.0, 1.0]], "original_world_bb": [[555.7492065429688, -265.09307861328125, 22.016754150390625], [1073.6903076171875, 295.4410095214844, 263.23040771484375]], "computed_world_bb": [[555.7658417954153, -266.6163016886891, 22.065284257848333], [1073.673672364741, 296.9642325968922, 263.181877607386]], "current_world_bb": [[555.7658081054688, -266.61627197265625, 22.065292358398438], [1073.6737060546875, 296.9642639160156, 263.1818542480469]], "original_lowbb": [[-1069.889503564444, -284.461286128488, 21.317792785337137], [-560.6677509610206, 277.9945252577071, 262.95284569140165]], "current_lowbb": [[-377.9089660644531, -390.4445495605469, -125.14617156982422], [394.44378662109375, 358.10528564453125, 146.19200134277344]]}, "1": {"original_transform": [[0.015176798216998577, -0.9998822212219238, -0.0023020198568701744, 200.157958984375], [0.9998806715011597, 0.015170058235526085, 0.0029177421238273382, -1060.322265625], [-0.0028824766632169485, -0.0023460269439965487, 0.999993085861206, 149.5738067626953], [0.0, 0.0, 0.0, 1.0]], "calculated_transform": [[0.0100062465306512, -0.751305363416371, -0.0020500204321664667, 184.82714683348166], [0.6592334138743204, 0.011398688886607122, 0.002598340725088218, -1061.0130402934813], [-0.0019004517091551407, -0.001762790245746546, 0.890525136007703, 133.64169587267668], [0.0, 0.0, 0.0, 1.0]], "current_transform": [[0.010006246156990528, -0.7513054013252258, -0.002050020731985569, 184.8271484375], [0.6592333912849426, 0.011398689821362495, 0.0025983406230807304, -1061.0130615234375], [-0.0019004516070708632, -0.001762790372595191, 0.8905251622200012, 133.64169311523438], [0.0, 0.0, 0.0, 1.0]], "original_world_bb": [[-83.40713500976562, -1306.4091796875, 21.968124389648438], [482.06011962890625, -805.3035888671875, 263.3812255859375]], "computed_world_bb": [[-83.39757099357882, -1306.3316730381957, 21.395588497241818], [482.05055561271945, -805.3810955164917, 263.95376147834406]], "current_world_bb": [[-83.39755249023438, -1306.3316650390625, 21.395584106445312], [482.0505676269531, -805.381103515625, 263.9537353515625]], "original_lowbb": [[-1307.592745172194, -494.63623560473354, 18.236273768990376], [-798.3712383816106, 67.81954126572018, 259.87140590610386]], "current_lowbb": [[-377.9089660644531, -390.4445495605469, -125.14617156982422], [394.44378662109375, 358.10528564453125, 146.19200134277344]]}}, "udqjui": {"0": {"original_transform": [[1.0, 0.0, 0.0, -4750.43603515625], [0.0, 1.0, 0.0, 4514.7353515625], [0.0, 0.0, 1.0, 900.3504028320312], [0.0, 0.0, 0.0, 1.0]], "calculated_transform": [[2.1257670244832676, 0.0, 0.0, -4738.139520191214], [0.0, 1.9133292490777825, 0.0, 4498.829517595695], [0.0, 0.0, 2.654196010703574, 1087.6956624815205], [0.0, 0.0, 0.0, 1.0]], "current_transform": [[2.1257669925689697, 0.0, 0.0, -4738.1396484375], [0.0, 1.9133292436599731, 0.0, 4498.82958984375], [0.0, 0.0, 2.65419602394104, 1087.6956787109375], [0.0, 0.0, 0.0, 1.0]], "original_world_bb": [[-5020.40869140625, 4279.65478515625, 9.455101013183594], [-4480.4638671875, 4749.81591796875, 1791.24560546875]], "computed_world_bb": [[-5020.40869140625, 4279.65478515625, 9.455101013183594], [-4480.4638671875, 4749.81591796875, 1791.24560546875]], "current_world_bb": [[-5020.40869140625, 4279.65478515625, 9.455078125], [-4480.4638671875, 4749.81591796875, 1791.24560546875]], "original_lowbb": [[-5020.40869140625, 4279.65478515625, 9.455101013183594], [-4480.4638671875, 4749.81591796875, 1791.24560546875]], "current_lowbb": [[-132.7846221923828, -114.55149841308594, -406.239990234375], [121.21537780761719, 131.17784118652344, 265.0708312988281]]}, "1": {"original_transform": [[1.0, 0.0, 0.0, -2005.4365234375], [0.0, 1.0, 0.0, 679.7236328125], [0.0, 0.0, 1.0, 600.2335815429688], [0.0, 0.0, 0.0, 1.0]], "calculated_transform": [[1.6927408533772146, 0.0, 0.0, -1995.64484023657], [0.0, 1.5469468119893308, 0.0, 666.8640413431773], [0.0, 0.0, 1.7694641278880026, 725.1304910266462], [0.0, 0.0, 0.0, 1.0]], "current_transform": [[1.692740797996521, 0.0, 0.0, -1995.6448974609375], [0.0, 1.5469467639923096, 0.0, 666.864013671875], [0.0, 0.0, 1.769464135169983, 725.1304931640625], [0.0, 0.0, 0.0, 1.0]], "original_world_bb": [[-2220.414794921875, 489.6589660644531, 6.303400993347168], [-1790.4586181640625, 869.7891845703125, 1194.163818359375]], "computed_world_bb": [[-2220.414794921875, 489.6589660644531, 6.303400993347168], [-1790.4586181640625, 869.7891845703125, 1194.163818359375]], "current_world_bb": [[-2220.414794921875, 489.658935546875, 6.30340576171875], [-1790.458740234375, 869.7891235351562, 1194.163818359375]], "original_lowbb": [[-2220.414794921875, 489.6589660644531, 6.303400993347168], [-1790.4586181640625, 869.7891845703125, 1194.163818359375]], "current_lowbb": [[-132.7846221923828, -114.55149841308594, -406.239990234375], [121.21537780761719, 131.17784118652344, 265.0708312988281]]}}, "njwsoa": {"0": {"original_transform": [[-0.6389462351799011, -0.7692514061927795, 3.1289102480513975e-05, 958.7999267578125], [0.7692514061927795, -0.6389462351799011, -3.723793997778557e-05, -1128.4453125], [4.863739013671875e-05, 2.7614441933110356e-07, 1.0, 850.0000610351562], [0.0, 0.0, 0.0, 1.0]], "calculated_transform": [[-1.2179809167928488, -0.7428092721398709, 4.649929176973197e-05, 981.6787740462413], [1.466373039501622, -0.6169831918182034, -5.533996