{"fdjykf": {"0": {"original_transform": [[-0.003636515000835061, 0.9999933838844299, 0.0, 4609.08935546875], [-0.9999933838844299, -0.003636515000835061, 0.0, 4274.5595703125], [0.0, 0.0, 1.0, 250.22340393066406], [0.0, 0.0, 0.0, 1.0]], "calculated_transform": [[-0.004510733665745403, 0.8375705664343696, 0.0, 4611.436419048918], [-1.2403919195092996, -0.0030458580808455774, 0.0, 3869.3232305595507], [0.0, 0.0, 0.7606926534138936, 393.7967924083199], [0.0, 0.0, 0.0, 1.0]], "current_transform": [[-0.004510733298957348, 0.8375705480575562, 0.0, 4611.4365234375], [-1.2403918504714966, -0.0030458581168204546, 0.0, 3869.3232421875], [0.0, 0.0, 0.7606926560401917, 393.7967834472656], [0.0, 0.0, 0.0, 1.0]], "original_world_bb": [[4149.66064453125, 3222.174072265625, 4.346320152282715], [5068.517578125, 5326.9453125, 496.1004943847656]], "computed_world_bb": [[4149.660644804962, 3222.174016733995, 4.346320152282715], [5068.5175778512885, 5326.945368031629, 496.1004943847656]], "current_world_bb": [[4149.66064453125, 3222.174072265625, 4.346282958984375], [5068.517578125, 5326.9453125, 496.1004943847656]], "original_lowbb": [[-5342.067949299434, 4137.903571268853, 4.346320152282715], [-3239.8410187479717, 5056.766579968412, 496.1004943847656]], "current_lowbb": [[-1173.8154296875, -548.5250854492188, -511.9682312011719], [520.9819946289062, 548.5250854492188, 134.48756408691406]]}}, "ctclvd": {"0": {"original_transform": [[0.9999902248382568, 0.00442455755546689, -3.0251873228692716e-10, -723.7098388671875], [-0.00442455755546689, 0.9999902248382568, -6.8371981853943e-08, -386.272216796875], [0.0, 6.837264976411461e-08, 1.0, 2.372730016708374], [0.0, 0.0, 0.0, 1.0]], "calculated_transform": [[1.5133947951646594, 0.0065488141659300276, -7.429518774505887e-11, -723.7098236083984], [-0.006696167831473672, 1.4800915273711, -1.679138774130879e-08, -386.2723388671875], [0.0, 1.0119876885411143e-07, 0.24558873151827218, 2.372730031609535], [0.0, 0.0, 0.0, 1.0]], "current_transform": [[1.513394832611084, 0.006548814009875059, -7.429518805723845e-11, -723.7098388671875], [-0.00669616786763072, 1.4800915718078613, -1.679138605936714e-08, -386.2723388671875], [0.0, 1.0119875781811061e-07, 0.2455887347459793, 2.372730016708374], [0.0, 0.0, 0.0, 1.0]], "original_world_bb": [[-1314.89501953125, -1295.4222412109375, 0.4165244400501251], [-132.52462768554688, 522.8775634765625, 4.328935623168945]], "computed_world_bb": [[-1314.8950900346827, -1295.422348331408, 0.4164210827160688], [-132.5245571821141, 522.877670597033, 4.329038980503002]], "current_world_bb": [[-1314.8951416015625, -1295.42236328125, 0.41642093658447266], [-132.5245361328125, 522.877685546875, 4.329039096832275]], "original_lowbb": [[-1309.174244795597, -1296.0318839000981, 0.41648908519769373], [-134.81318821878224, 517.0905770171562, 4.329024236301844]], "current_lowbb": [[-387.9851989746094, -612.4974975585938, -7.9656243324279785], [387.9851989746094, 612.4974975585938, 7.9656243324279785]]}, "1": {"original_transform": [[1.0, 9.5367431640625e-07, -6.520523324841238e-14, 425.4141845703125], [-9.5367431640625e-07, 1.0, -6.837264265868725e-08, 9315.0], [0.0, 6.837264265868725e-08, 1.0, 2.372730016708374], [0.0, 0.0, 0.0, 1.0]], "calculated_transform": [[0.6534550892572939, 6.289802001753027e-07, -1.6013362510760555e-14, 425.4140396118164], [-6.231833355496348e-07, 0.6595335423790182, -1.679122760808326e-08, 9315.00146484375], [0.0, 4.509405121449878e-08, 0.24558400780147527, 2.3727299571037292], [0.0, 0.0, 0.0, 1.0]], "current_transform": [[0.6534550786018372, 6.289802172432246e-07, -1.6013362849815783e-14, 425.4140319824219], [-6.231833253877994e-07, 0.6595335602760315, -1.6791227963608435e-08, 9315.001953125], [0.0, 4.50940511598219e-08, 0.24558401107788086, 2.372730016708374], [0.0, 0.0, 0.0, 1.0]], "original_world_bb": [[171.88307189941406, 8911.0390625, 0.4165276288986206], [678.9450073242188, 9718.9638671875, 4.328932285308838]], "computed_world_bb": [[171.8830307226897, 8911.038739679914, 0.41649299915274796], [678.9450485009431, 9718.964190007586, 4.3289669150547105]], "current_world_bb": [[171.88302612304688, 8911.0390625, 0.41649293899536133], [678.945068359375, 9718.96484375, 4.328967094421387]], "original_lowbb": [[171.87427619557462, 8911.039226444876, 0.41586311761084555], [678.9360818487298, 9718.964514971452, 4.328323014008082]], "current_lowbb": [[-387.9851989746094, -612.4974975585938, -7.9656243324279785], [387.9851989746094, 612.4974975585938, 7.9656243324279785]]}, "2": {"original_transform": [[-0.9999783635139465, 0.006578787229955196, -4.4980910662850704e-10, 3585.38671875], [-0.006578787229955196, -0.9999783635139465, 6.837117183522423e-08, 7805.29345703125], [0.0, 6.837264976411461e-08, 1.0, 2.372730016708374], [0.0, 0.0, 0.0, 1.0]], "calculated_transform": [[-2.029627941054197, 0.013815192329478728, -1.1046963025004125e-10, 3585.3870849609375], [-0.013352779287390435, -2.099914913551118, 1.6791429212429377e-08, 7805.292724609375], [0.0, 1.4357985348216902e-07, 0.24559224659318912, 2.3727298974990845], [0.0, 0.0, 0.0, 1.0]], "current_transform": [[-2.029628038406372, 0.013815192505717278, -1.1046963344085725e-10, 3585.38720703125], [-0.013352779671549797, -2.099914789199829, 1.6791430468288127e-08, 7805.29296875], [0.0, 1.4357985378410376e-07, 0.24559225142002106, 2.372729778289795], [0.0, 0.0, 0.0, 1.0]], "original_world_bb": [[2789.459716796875, 6513.91943359375, 0.4165222644805908], [4381.314453125, 9096.666015625, 4.328937530517578]], "computed_world_bb": [[2789.4597170484717, 6513.919419815831, 0.4163669908363947], [4381.314452873404, 9096.666029402919, 4.329092804161775]], "current_world_bb": [[2789.459716796875, 6513.919921875, 0.4163668155670166], [4381.314453125, 9096.666015625, 4.329092979431152]], "original_lowbb": [[-4424.141500702178, -9067.75679381609, 0.41696636643564394], [-2849.176216628629, -6495.315865752674, 4.329557517072372]], "current_lowbb": [[-387.9851989746094, -612.4974975585938, -7.9656243324279785], [387.9851989746094, 612.4974975585938, 7.9656243324279785]]}}, "dngvvi": {"0": {"original_transform": [[0.9999964833259583, -0.0026527622248977423, 1.6759918106123983e-11, -2299.7001953125], [0.0026527622248977423, 0.9999964833259583, -6.317889766904727e-09, 4095.04931640625], [0.0, 6.31791197136522e-09, 1.0, 443.3316955566406], [0.0, 0.0, 0.0, 1.0]], "calculated_transform": [[1.0878447162511893, -0.0029808143702438525, 2.0861028788190503e-11, -2244.109282357924], [0.00288580351825608, 1.1236604094082487, -7.863861763018063e-09, 4092.80545035255], [0.0, 7.0992125179658975e-09, 1.2446975335158696, 450.0327759066287], [0.0, 0.0, 0.0, 1.0]], "current_transform": [[1.087844729423523, -0.002980814315378666, 2.086102644793808e-11, -2244.109375], [0.0028858035802841187, 1.1236604452133179, -7.863861561929752e-09, 4092.805419921875], [0.0, 7.09921232910915e-09, 1.2446975708007812, 450.03277587890625], [0.0, 0.0, 0.0, 1.0]], "original_world_bb": [[-2595.56689453125, 3813.747802734375, 9.561827659606934], [-1973.90673828125, 4376.3515625, 888.77490234375]], "computed_world_bb": [[-2595.566965919673, 3813.7475864341905, 9.561825886799113], [-1973.906666892827, 4376.351778800185, 888.7749041165578]], "current_world_bb": [[-2595.567138671875, 3813.74755859375, 9.56182861328125], [-1973.9068603515625, 4376.3515625, 888.77490234375]], "original_lowbb": [[-2584.6390606388113, 3820.606350467099, 9.561799975759797], [-1963.7678629610582, 4381.803247415979, 888.7748781768552]], "current_lowbb": [[-323.0181579589844, -247.527587890625, -353.8778991699219], [247.7149658203125, 251.90704345703125, 352.48895263671875]]}}, "lvgliq": {"0": {"original_transform": [[-0.0012232690351083875, 0.009942889213562012, -0.9999499320983887, -2670.013671875], [-0.0014619193971157074, -0.99994957447052, -0.009941130876541138, 2919.39599609375], [-0.9999982118606567, 0.0014496854273602366, 0.001237743068486452, 1000.0000610351562], [0.0, 0.0, 0.0, 1.0]], "calculated_transform": [[-0.0013256375237464494, 0.009688348094523864, -0.8218249798328958, -2671.670171485321], [-0.0015842591890161389, -0.9743505480488143, -0.00817025201097929, 2921.019830937429], [-1.0836824241237992, 0.001412573035434919, 0.001017259119003384, 1013.9069145724507], [0.0, 0.0, 0.0, 1.0]], "current_transform": [[-0.0013256960082799196, 0.00964574795216322, -0.821825385093689, -2671.670166015625], [-0.0015842551365494728, -0.9743509888648987, -0.008134372532367706, 2921.019775390625], [-1.0836825370788574, 0.0014126215828582644, 0.0010172514012083411, 1013.9069213867188], [0.0, 0.0, 0.0, 1.0]], "original_world_bb": [[-2729.936767578125, 2536.396484375, 11.551706314086914], [-2610.088134765625, 3302.396240234375, 1988.4490966796875]], "computed_world_bb": [[-2729.992083780504, 2536.111779840763, 11.551547367625517], [-2610.032818563246, 3302.680944768612, 1988.449255626149]], "current_world_bb": [[-2730.0029296875, 2536.109375, 11.5513916015625], [-2610.045166015625, 3302.68310546875, 1988.449462890625]], "original_lowbb": [[-1990.0671766027272, -3329.2467386608064, 2584.8404435144216], [-11.93360294525407, -2559.4471563739253, 2705.0311925321953]], "current_lowbb": [[-899.8555297851562, -393.3546142578125, -71.68144989013672], [925.5223999023438, 396.6697998046875, 74.55980682373047]]}, "1": {"original_transform": [[0.001461927080526948, 0.9999490976333618, 0.00998467206954956, 710.5887451171875], [-0.0012232597218826413, 0.009986400604248047, -0.9999493956565857, 6414.91943359375], [-0.9999982118606567, 0.0014496392104774714, 0.0012377968523651361, 1000.0000610351562], [0.0, 0.0, 0.0, 1.0]], "calculated_transform": [[0.0015841867861325046, 0.8613416410115411, 0.010248895016993415, 709.1565379744144], [-0.001325559881356122, 0.008602140553664657, -1.0264173834436428, 6413.853321072527], [-1.083627203085102, 0.0012486982513654928, 0.0012705604521167319, 1013.9062020490928], [0.0, 0.0, 0.0, 1.0]], "current_transform": [[0.0015841764397919178, 0.8613418936729431, 0.010223844088613987, 709.1565551757812], [-0.0013256259262561798, 0.008581090718507767, -1.02641761302948, 6413.853515625], [-1.0836272239685059, 0.0012487155618146062, 0.0012705866247415543, 1013.9061889648438], [0.0, 0.0, 0.0, 1.0]], "original_world_bb": [[372.3533630371094, 6340.01513671875, 11.551025390625], [1048.825927734375, 6489.82568359375, 1988.448486328125]], "computed_world_bb": [[371.5621075696814, 6340.016925924855, 11.553023870886477], [1049.617183201803, 6489.823894387645, 1988.4464878478634]], "current_world_bb": [[371.56365966796875, 6340.01123046875, 11.55303955078125], [1049.61572265625, 6489.81884765625, 1988.446533203125]], "original_lowbb": [[-1995.8226169899638, 435.807367474577, -6478.774398861869], [-17.7898427812321, 1116.3229419352642, -6328.6622330829805]], "current_lowbb": [[-899.8555297851562, -393.3546142578125, -71.68144989013672], [925.5223999023438, 396.6697998046875, 74.55980682373047]]}, "2": {"original_transform": [[-0.0014617713168263435, -0.9999495148658752, -0.00994214415550232, 1774.5570068359375], [0.0012232600711286068, -0.009943902492523193, 0.9999498128890991, 2325.07470703125], [-0.9999982118606567, 0.0014495361829176545, 0.0012377339880913496, 1000.0000610351562], [0.0, 0.0, 0.0, 1.0]], "calculated_transform": [[-0.0015839436355461062, -0.7981820122358915, -0.008845818683028472, 1775.8874074787784], [0.001325498032406676, -0.0079374448238761, 0.889687767155543, 2326.156455299516], [-1.0835763330430324, 0.0011570520807436735, 0.001101252054549764, 1013.9057350453836], [0.0, 0.0, 0.0, 1.0]], "current_transform": [[-0.0015840113628655672, -0.7981822490692139, -0.00881575234234333, 1775.887451171875], [0.0013256188249215484, -0.007910420186817646, 0.8896880745887756, 2326.156494140625], [-1.0835764408111572, 0.0011571343056857586, 0.001101308036595583, 1013.90576171875], [0.0, 0.0, 0.0, 1.0]], "original_world_bb": [[1461.1934814453125, 2260.15625, 11.55134391784668], [2087.92041015625, 2389.991943359375, 1988.44873046875]], "computed_world_bb": [[1460.3242047207802, 2260.1562972449387, 11.55330428722516], [2088.789686880782, 2389.9918961144367, 1988.4467700993714]], "current_world_bb": [[1460.325927734375, 2260.1630859375, 11.55328369140625], [2088.7880859375, 2389.999755859375, 1988.4468994140625]], "original_lowbb": [[-1988.718010339205, -2111.4455619661626, 2245.8587925225224], [-10.77809380078987, -1480.8304441320356, 2375.9743801808195]], "current_lowbb": [[-899.8555297851562, -393.3546142578125, -71.68144989013672], [925.5223999023438, 396.6697998046875, 74.55980682373047]]}, "3": {"original_transform": [[-0.0014617713168263435, -0.9999495148658752, -0.00994214415550232, 689.4547729492188], [0.0012232600711286068, -0.009943902492523193, 0.9999498128890991, 2325.07470703125], [-0.9999982118606567, 0.0014495361829176545, 0.0012377339880913496, 1000.0000610351562], [0.0, 0.0, 0.0, 1.0]], "calculated_transform": [[-0.0015840950090829516, -0.9618626793053806, -0.008849748035320602, 691.05650094237], [0.0013256247069427793, -0.009565151592110488, 0.8900829704479029, 2326.5999099917426], [-1.0836798877266043, 0.00139432510056499, 0.0011017412356464846, 1013.9066780962135], [0.0, 0.0, 0.0, 1.0]], "current_transform": [[-0.0015841625863686204, -0.9618629813194275, -0.008819668553769588, 691.0565185546875], [0.001325745484791696, -0.009532585740089417, 0.8900833129882812, 2326.599853515625], [-1.0836799144744873, 0.001394424238242209, 0.0011017972137778997, 1013.9066772460938], [0.0, 0.0, 0.0, 1.0]], "original_world_bb": [[311.4289855957031, 2260.15625, 11.55135726928711], [1067.48046875, 2389.991943359375, 1988.44873046875]], "computed_world_bb": [[311.10882222667675, 2260.129954681141, 11.551645226475557], [1067.8006321190264, 2390.0182386782344, 1988.4484425115616]], "current_world_bb": [[311.1069030761719, 2260.13916015625, 11.5517578125], [1067.802490234375, 2390.0263671875, 1988.4483642578125]], "original_lowbb": [[-1987.2263593501348, -1091.0573988936928, 2257.0615736130467], [-9.097416034431404, -331.1240283692392, 2387.234959198356]], "current_lowbb": [[-899.8555297851562, -393.3546142578125, -71.68144989013672], [925.5223999023438, 396.6697998046875, 74.55980682373047]]}, "4": {"original_transform": [[-0.0012232690351083875, 0.009942889213562012, -0.9999499320983887, 2280.0087890625], [-0.0014619193971157074, -0.99994957447052, -0.009941130876541138, 3639.467041015625], [-0.9999982118606567, 0.0014496854273602366, 0.001237743068486452, 1000.0000610351562], [0.0, 0.0, 0.0, 1.0]], "calculated_transform": [[-0.0013255229262894605, 0.008557503763052138, -0.5484087457258036, 2278.26659708661], [-0.0015841222344784008, -0.8606223063116948, -0.005452058245438022, 3640.9054766252552], [-1.083588742972079, 0.0012476945448680612, 0.0006788231207625447, 1013.9055506671508], [0.0, 0.0, 0.0, 1.0]], "current_transform": [[-0.001325581455603242, 0.008519875817000866, -0.5484090447425842, 2278.2666015625], [-0.0015841181157156825, -0.8606226444244385, -0.005428115371614695, 3640.905517578125], [-1.0835888385772705, 0.0012477373238652945, 0.0006788179744035006, 1013.9055786132812], [0.0, 0.0, 0.0, 1.0]], "original_world_bb": [[2240.0595703125, 3301.233154296875, 11.551703453063965], [2319.958740234375, 3977.699951171875, 1988.44921875]], "computed_world_bb": [[2239.944614450838, 3300.650667478726, 11.551464300759221], [2320.073696096037, 3978.282437990024, 1988.4494579023049]], "current_world_bb": [[2239.93505859375, 3300.649169921875, 11.5513916015625], [2320.062744140625, 3978.283935546875, 1988.4495849609375]], "original_lowbb": [[-1997.0895019594097, -3955.136740467814, -2352.4045584987643], [-19.1269321193943, -3275.1897817143986, -2272.2005496962033]], "current_lowbb": [[-899.8555297851562, -393.3546142578125, -71.68144989013672], [925.5223999023438, 396.6697998046875, 74.55980682373047]]}, "5": {"original_transform": [[0.0012329199817031622, -0.0032347440719604492, 0.9999940395355225, 2280.100830078125], [0.001453633070923388, 0.9999936819076538, 0.003232985734939575, 2740.595947265625], [-0.9999982118606567, 0.0014496383955702186, 0.0012376143131405115, 1000.0000610351562], [0.0, 0.0, 0.0, 1.0]], "calculated_transform": [[0.0013358827017835365, -0.002377802707781017, 0.5481286353000897, 2281.492941337995], [0.00157502782257167, 0.7350775306472229, 0.0017720836501174408, 2739.3599866818777], [-1.083509337883978, 0.0010656032732176694, 0.0006783759194340903, 1013.9046473171304], [0.0, 0.0, 0.0, 1.0]], "current_transform": [[0.0013357853749766946, -0.0023820307105779648, 0.5481286644935608, 2281.492919921875], [0.001574986265040934, 0.7350775003433228, 0.00177525554317981, 2739.360107421875], [-1.0835094451904297, 0.0010655700461938977, 0.0006783311837352812, 1013.9046630859375], [0.0, 0.0, 0.0, 1.0]], "original_world_bb": [[2241.3994140625, 2451.76025390625, 11.551576614379883], [2321.4716796875, 3029.431884765625, 1988.448974609375]], "computed_world_bb": [[2241.39622063025, 2450.8387275657255, 11.55249220329813], [2321.47487311975, 3030.353411106149, 1988.4480590204566]], "current_world_bb": [[2241.39501953125, 2450.839111328125, 11.5523681640625], [2321.4736328125, 3030.353271484375, 1988.4482421875]], "original_lowbb": [[-1982.11228588742, 2444.2865249543347, 2252.299135236607], [-4.294661055690826, 3025.019368866154, 2332.4586360073517]], "current_lowbb": [[-899.8555297851562, -393.3546142578125, -71.68144989013672], [925.5223999023438, 396.6697998046875, 74.55980682373047]]}, "6": {"original_transform": [[0.0012329199817031622, -0.0032347440719604492, 0.9999940395355225, 2280.1005859375], [0.001453633070923388, 0.9999936819076538, 0.003232985734939575, 5190.443359375], [-0.9999982118606567, 0.0014496383955702186, 0.0012376143131405115, 1000.0000610351562], [0.0, 0.0, 0.0, 1.0]], "calculated_transform": [[0.0013358627585710705, -0.0022952725252267906, 0.5480668763381218, 2281.423861505514], [0.0015750043091939884, 0.7095640250072032, 0.001771883985221824, 5189.249567733499], [-1.0834931623193826, 0.001028617684639925, 0.0006782994851996602, 1013.9043488133693], [0.0, 0.0, 0.0, 1.0]], "current_transform": [[0.0013357654679566622, -0.0022993539460003376, 0.5480668544769287, 2281.423828125], [0.001574962749145925, 0.7095640301704407, 0.0017750553088262677, 5189.24951171875], [-1.0834932327270508, 0.0010285855969414115, 0.0006782546988688409, 1013.9043579101562], [0.0, 0.0, 0.0, 1.0]], "original_world_bb": [[2241.355712890625, 4911.68603515625, 11.55139446258545], [2321.422119140625, 5469.20068359375, 1988.4488525390625]], "computed_world_bb": [[2241.352707202584, 4910.696712724892, 11.552630482232416], [2321.4251248286664, 5470.190006025107, 1988.4476165194155]], "current_world_bb": [[2241.3515625, 4910.69677734375, 11.55255126953125], [2321.423828125, 5470.18994140625, 1988.44775390625]], "original_lowbb": [[-1978.5361303144407, 4904.196634206769, 2260.1548997379937], [-0.7480320549609605, 5464.7730591413365, 2340.30536874641]], "current_lowbb": [[-899.8555297851562, -393.3546142578125, -71.68144989013672], [925.5223999023438, 396.6697998046875, 74.55980682373047]]}, "7": {"original_transform": [[-0.0012170623522251844, 0.01418304443359375, -0.9998987913131714, 34.972412109375], [-0.0014670905657112598, -0.9998984336853027, -0.014181315898895264, 9311.99609375], [-0.9999982118606567, 0.0014496824005618691, 0.001237746444530785, 1000.0000610351562], [0.0, 0.0, 0.0, 1.0]], "calculated_transform": [[-0.0013189560566996853, 0.014275353593200604, -1.026693250967628, 33.536056142260804], [-0.0015899168878521104, -1.0064061890838036, -0.014561272510285004, 9313.663919199898], [-1.0837190845735993, 0.0014591176389609404, 0.001270914681133516, 1013.9077415122083], [0.0, 0.0, 0.0, 1.0]], "current_transform": [[-0.0013190190074965358, 0.014250727370381355, -1.0266937017440796, 33.53605651855469], [-0.0015899093123152852, -1.006406545639038, -0.014536182396113873, 9313.6640625], [-1.0837191343307495, 0.001459140214137733, 0.0012709378497675061, 1013.90771484375], [0.0, 0.0, 0.0, 1.0]], "original_world_bb": [[-38.831974029541016, 8916.177734375, 11.55158805847168], [111.13264465332031, 9707.8154296875, 1988.4493408203125]], "computed_world_bb": [[-38.820991781642405, 8915.947730710757, 11.552207623088066], [111.1216624054217, 9708.045433351745, 1988.4487212556962]], "current_world_bb": [[-38.82729721069336, 8915.94921875, 11.5521240234375], [111.11451721191406, 9708.0439453125, 1988.44873046875]], "original_lowbb": [[-2002.8029926002218, -9706.68808715109, -237.96023363467503], [-24.602499645171626, -8911.521810336084, -87.80010736152711]], "current_lowbb": [[-899.8555297851562, -393.3546142578125, -71.68144989013672], [925.5223999023438, 396.6697998046875, 74.55980682373047]]}, "8": {"original_transform": [[-0.0014617713168263435, -0.9999495148658752, -0.00994214415550232, 714.494140625], [0.0012232600711286068, -0.009943902492523193, 0.9999498128890991, 3550.05810546875], [-0.9999982118606567, 0.0014495361829176545, 0.0012377339880913496, 1000.0000610351562], [0.0, 0.0, 0.0, 1.0]], "calculated_transform": [[-0.0015840127184530578, -0.8986003797993096, -0.006811398630780139, 715.9940288710551], [0.0013255558433383165, -0.00893604569387764, 0.68507147344675, 3551.706668368269], [-1.0836235926811348, 0.001302619481853933, 0.0008479788027868549, 1013.9057616175854], [0.0, 0.0, 0.0, 1.0]], "current_transform": [[-0.0015840803971514106, -0.8986006379127502, -0.006788247264921665, 715.9940185546875], [0.0013256765669211745, -0.008905622176826, 0.6850717067718506, 3551.706787109375], [-1.0836236476898193, 0.0013027121312916279, 0.0008480218821205199, 1013.90576171875], [0.0, 0.0, 0.0, 1.0]], "original_world_bb": [[361.338623046875, 3500.12060546875, 11.551406860351562], [1067.649658203125, 3599.994384765625, 1988.44873046875]], "computed_world_bb": [[360.85436506359736, 3500.042150505199, 11.551320137686162], [1068.1339161864025, 3600.0728397291755, 1988.4488171914154]], "current_world_bb": [[360.8528137207031, 3500.051025390625, 11.55126953125], [1068.1353759765625, 3600.08056640625, 1988.448974609375]], "original_lowbb": [[-1985.7131326661577, -1103.2859880561252, 3496.5553017964403], [-7.6869492706756715, -393.333902308719, 3596.7460435894263]], "current_lowbb": [[-899.8555297851562, -393.3546142578125, -71.68144989013672], [925.5223999023438, 396.6697998046875, 74.55980682373047]]}}, "ohagsq": {"0": {"original_transform": [[3.0626614488937776e-07, 0.9999999403953552, 0.0, 3944.5546875], [-3.0626614488937776e-07, 0.0, -0.9999999403953552, 2353.392578125], [-1.0, 3.0626614488937776e-07, 3.0626614488937776e-07, 999.9999389648438], [0.0, 0.0, 0.0, 1.0]], "calculated_transform": [[2.0739794916068174e-07, 0.44460795580354434, -8.272571995024809e-14, 3943.186536156922], [-2.0739794916068174e-07, -2.485737953845639e-21, -0.8819471187229107, 2357.9174234046077], [-0.6771820934879796, 1.3616836461109835e-07, 2.7011054404753484e-07, 998.4635597520539], [0.0, 0.0, 0.0, 1.0]], "current_transform": [[2.0739796013913292e-07, 0.4446079432964325, 7.885221720016489e-08, 3943.1865234375], [-2.073979459282782e-07, 3.9751046898572895e-08, -0.8819471001625061, 2357.91748046875], [-0.6771820783615112, 1.3616836724850145e-07, 2.701105756841571e-07, 998.4635620117188], [0.0, 0.0, 0.0, 1.0]], "original_world_bb": [[3181.1396484375, 2260.15478515625, 11.655508041381836], [4707.9697265625, 2387.935546875, 1988.34423828125]], "computed_world_bb": [[3181.1396484379425, 2260.1547851567916, 11.655417562160892], [4707.969726562058, 2387.9355468744584, 1988.344328760471]], "current_world_bb": [[3181.1396484375, 2260.15478515625, 11.65545654296875], [4707.9697265625, 2387.935791015625, 1988.34423828125]], "original_lowbb": [[-1988.3437615411704, 3181.1402573995765, -2387.934937912961], [-11.655265109145498, 4707.969730132284, -2260.154545844378]], "current_lowbb": [[-1461.7642822265625, -1713.9742431640625, -34.035850524902344], [1457.226806640625, 1720.128662109375, 110.84856414794922]]}, "1": {"original_transform": [[3.0626614488937776e-07, 0.9999999403953552, 0.0, -1520.343994140625], [-3.0626614488937776e-07, 0.0, -0.9999999403953552, 1580.2894287109375], [-1.0, 3.0626614488937776e-07, 3.0626614488937776e-07, 999.9999389648438], [0.0, 0.0, 0.0, 1.0]], "calculated_transform": [[2.073979288901472e-07, 0.3545239910785863, -4.4544605248743194e-14, -1521.4347856662262], [-2.073979288901472e-07, -1.982091702745571e-21, -0.474894461811942, 1582.725908353468], [-0.6771820273019683, 1.0857869601843476e-07, 1.4544409604844565e-07, 998.4636971105117], [0.0, 0.0, 0.0, 1.0]], "current_transform": [[2.073979459282782e-07, 0.35452398657798767, 4.2458871973849455e-08, -1521.434814453125], [-2.073979317174235e-07, 3.1696913538326044e-08, -0.4748944640159607, 1582.7259521484375], [-0.6771820187568665, 1.0857869625624517e-07, 1.4544410475991754e-07, 998.4636840820312], [0.0, 0.0, 0.0, 1.0]], "original_world_bb": [[-2129.080078125, 1530.08447265625, 11.655674934387207], [-911.6076049804688, 1598.8896484375, 1988.3443603515625]], "computed_world_bb": [[-2129.080078124497, 1530.0844726568469, 11.655702899645007], [-911.6076049809716, 1598.889648436903, 1988.3443323863046]], "current_world_bb": [[-2129.080078125, 1530.08447265625, 11.65576171875], [-911.607666015625, 1598.8897705078125, 1988.34423828125]], "original_lowbb": [[-1988.3451199203143, -2129.0794691626, -1598.889039474925], [-11.65681668466697, -911.6076014104356, -1530.0842333439198]], "current_lowbb": [[-1461.7642822265625, -1713.9742431640625, -34.035850524902344], [1457.226806640625, 1720.128662109375, 110.84856414794922]]}}, "xyejdx": {"0": {"original_transform": [[-0.9999884366989136, -0.004806825891137123, 1.9004503428732278e-06, -236.31640625], [0.004806825891137123, -0.9999884366989136, -1.4396631513591274e-06, 3913.459716796875], [1.9073486328125e-06, -1.430511474609375e-06, 1.0, 854.9999389648438], [0.0, 0.0, 0.0, 1.0]], "calculated_transform": [[-1.0649308963492443, -0.005906080026601047, 1.9150260126509904e-06, -246.72219706136465], [0.005118996597342326, -1.2286718643911307, -1.4507048372070087e-06, 3921.417308984419], [2.0312179767765587e-06, -1.7576495247654946e-06, 1.007669558221473, 863.8571052959355], [0.0, 0.0, 0.0, 1.0]], "current_transform": [[-1.0649309158325195, -0.005906158592551947, 1.9150259049638407e-06, -246.72219848632812], [0.00511906435713172, -1.228671908378601, -1.4507048717860016e-06, 3921.417236328125], [2.0312179458414903e-06, -1.7576495565663208e-06, 1.0076695680618286, 863.8571166992188], [0.0, 0.0, 0.0, 1.0]], "original_world_bb": [[-663.3812866210938, 3522.84521484375, 10.371374130249023], [121.35460662841797, 4304.0751953125, 1699.62841796875]], "computed_world_bb": [[-663.3812061765344, 3522.8450549683694, 10.371101367366578], [121.35452618385867, 4304.075355187881, 1699.6286907316326]], "current_world_bb": [[-663.3812255859375, 3522.844970703125, 10.37115478515625], [121.35458374023438, 4304.0751953125, 1699.6287841796875]], "original_lowbb": [[-100.6804364481563, -4301.191005755512, 10.36408458521566], [683.5172745700974, -3523.3698860946706, 1699.6234477049452]], "current_lowbb": [[-343.9161071777344, -310.0902404785156, -846.9908447265625], [392.45904541015625, 322.9609069824219, 829.4112548828125]]}}, "bslhmj": {"0": {"original_transform": [[-0.503280520439148, -0.8641231060028076, 7.739264873407592e-08, 4160.8427734375], [0.8641231060028076, -0.503280520439148, 4.507484163696063e-08, 6286.61669921875], [0.0, 8.956206443144765e-08, 1.0, 409.7422180175781], [0.0, 0.0, 0.0, 1.0]], "calculated_transform": [[-0.514422645773614, -0.8826386431471196, 7.331131935531147e-08, 4161.29707429213], [0.8832539238280039, -0.5140642954654918, 4.269780393894694e-08, 6296.662436159612], [0.0, 9.148110781679644e-08, 0.9472646539921445, 292.69202281964886], [0.0, 0.0, 0.0, 1.0]], "current_transform": [[-0.5144227743148804, -0.8826385736465454, 7.331131257615198e-08, 4161.296875], [0.8832537531852722, -0.5140644311904907, 4.269781683774454e-08, 6296.66259765625], [0.0, 9.148111246304325e-08, 0.9472646713256836, 292.6920166015625], [0.0, 0.0, 0.0, 1.0]], "original_world_bb": [[3657.6962890625, 5788.61181640625, 25.088356018066406], [4663.99169921875, 6784.62451171875, 794.3961181640625]], "computed_world_bb": [[3657.6961130960135, 5788.6120080907685, 25.088352154906545], [4663.991875185236, 6784.624320034231, 794.3961220272224]], "current_world_bb": [[3657.69580078125, 5788.6123046875, 25.088348388671875], [4663.99169921875, 6784.62451171875, 794.3961181640625]], "original_lowbb": [[2955.0567965991227, -7158.5249954417895, 25.088943575650337], [3701.3267314939253, -6373.711631927398, 794.396744384003]], "current_lowbb": [[-383.2504577636719, -385.40625, -282.5014953613281], [346.85565185546875, 382.9436950683594, 529.6345825195312]]}}, "qplklw": {"0": {"original_transform": [[-0.9997296929359436, -0.023250240832567215, -6.308063849047585e-09, -256.97607421875], [0.023250240832567215, -0.9997296929359436, 1.200370736142986e-08, 7700.31494140625], [-6.585447298590452e-09, 1.1853798831396034e-08, 1.0, 429.8565673828125], [0.0, 0.0, 0.0, 1.0]], "calculated_transform": [[-1.0909088182977633, -0.02545336332446036, -6.4276321935696145e-09, -247.20570210001978], [0.025370750644914036, -1.094461054567062, 1.2231236893360294e-08, 7697.444933314559], [-7.1860649745929074e-09, 1.2977028952231763e-08, 1.018954925669151, 473.5246968460781], [0.0, 0.0, 0.0, 1.0]], "current_transform": [[-1.0909088850021362, -0.02545343153178692, -6.4276313160860354e-09, -247.20570373535156], [0.025370821356773376, -1.0944610834121704, 1.223123735627496e-08, 7697.44482421875], [-7.186065076325576e-09, 1.297702834079928e-08, 1.018954873085022, 473.5246887207031], [0.0, 0.0, 0.0, 1.0]], "original_world_bb": [[-490.9952087402344, 7465.9892578125, 4.883080005645752], [-22.957229614257812, 7934.638671875, 854.830078125]], "computed_world_bb": [[-490.99524971877565, 7465.989002711855, 4.883073523797577], [-22.957188635716562, 7934.6389269756455, 854.8300846068481]], "current_world_bb": [[-490.9952697753906, 7465.98876953125, 4.883087158203125], [-22.9571533203125, 7934.638671875, 854.830078125]], "original_lowbb": [[206.3647221800635, -7921.326471320201, 4.883170059396002], [664.6770600131894, -7462.370132049809, 854.8301731023712]], "current_lowbb": [[-201.3754119873047, -211.65428161621094, -459.9237976074219], [218.63076782226562, 207.57696533203125, 374.21221923828125]]}, "1": {"original_transform": [[-1.6292068494294654e-07, 1.0, -1.1853798831396034e-08, -1096.546630859375], [-1.0, -1.6292068494294654e-07, -6.585444634055193e-09, 8170.09033203125], [-6.5854464104120325e-09, 1.1853797943217614e-08, 1.0, 429.8565673828125], [0.0, 0.0, 0.0, 1.0]], "calculated_transform": [[-1.777799511422352e-07, 1.094755761467038, -1.207848689537047e-08, -1094.3148264907093], [-1.0912055225184714, -1.7835835858890626e-07, -6.71027108978425e-09, 8179.505143733258], [-7.186075491291053e-09, 1.297701359360361e-08, 1.0189549256691568, 473.5246968460782], [0.0, 0.0, 0.0, 1.0]], "current_transform": [[-1.7777993832623906e-07, 1.09475576877594, -1.2078485767119673e-08, -1094.3148193359375], [-1.0912054777145386, -1.7835836274571193e-07, -6.710271893695108e-09, 8179.50537109375], [-7.1860761785558225e-09, 1.2977013241766144e-08, 1.018954873085022, 473.5246887207031], [0.0, 0.0, 0.0, 1.0]], "original_world_bb": [[-1326.0245361328125, 7940.93408203125, 4.883080005645752], [-867.0687866210938, 8399.2470703125, 854.830078125]], "computed_world_bb": [[-1326.0245416953335, 7940.934080732873, 4.883073523795986], [-867.0687810585729, 8399.247071610878, 854.8300846068498]], "current_world_bb": [[-1326.0245361328125, 7940.93408203125, 4.883087158203125], [-867.0687866210938, 8399.2470703125, 854.830078125]], "original_lowbb": [[-8399.246928926612, -1326.0258986151257, 4.8830352082386], [-7940.933866026517, -867.0700756315208, 854.8300382512186]], "current_lowbb": [[-201.3754119873047, -211.65428161621094, -459.9237976074219], [218.63076782226562, 207.57696533203125, 374.21221923828125]]}, "2": {"original_transform": [[-0.02499128319323063, -0.999687671661377, 1.168551744257229e-08, -1067.203125], [0.999687671661377, -0.02499128319323063, 6.879631531120367e-09, 7190.35302734375], [-6.585446854501242e-09, 1.1853797943217614e-08, 1.0, 429.8565673828125], [0.0, 0.0, 0.0, 1.0]], "calculated_transform": [[-0.027270586427051016, -1.094413779178639, 1.1907014942315407e-08, -1068.748297276024], [1.090863115723623, -0.02735934978629161, 7.010034524972761e-09, 7180.4444875489], [-7.186065486028046e-09, 1.2977012893534095e-08, 1.0189549256691501, 473.5246968460778], [0.0, 0.0, 0.0, 1.0]], "current_transform": [[-0.027270514518022537, -1.0944137573242188, 1.1907014929590787e-08, -1068.748291015625], [1.0908631086349487, -0.02735927700996399, 7.01003299852232e-09, 7180.4443359375], [-7.186065520414786e-09, 1.2977012353587725e-08, 1.018954873085022, 473.5246887207031], [0.0, 0.0, 0.0, 1.0]], "original_world_bb": [[-1301.885498046875, 6955.974609375, 4.883080005645752], [-832.5199584960938, 7424.7314453125, 854.830078125]], "computed_world_bb": [[-1301.885577691805, 6955.97460855541, 4.883073523800988], [-832.5198788511639, 7424.73144613209, 854.8300846068448]], "current_world_bb": [[-1301.885498046875, 6955.974609375, 4.883087158203125], [-832.5198974609375, 7424.7314453125, 854.830078125]], "original_lowbb": [[6985.169563909925, 657.2563290510408, 4.883113012068198], [7443.48195895911, 1116.2121284474335, 854.8301160550426]], "current_lowbb": [[-201.3754119873047, -211.65428161621094, -459.9237976074219], [218.63076782226562, 207.57696533203125, 374.21221923828125]]}, "3": {"original_transform": [[0.9989365935325623, 0.04610524699091911, 6.031922072935458e-09, -1875.919677734375], [-0.04610524699091911, 0.9989365935325623, -1.2144816707859718e-08, 7649.27978515625], [-6.585447298590452e-09, 1.1853797943217614e-08, 1.0, 429.8565673828125], [0.0, 0.0, 0.0, 1.0]], "calculated_transform": [[1.0900439257894454, 0.050474053128423686, 6.146256570817592e-09, -1886.0341846251408], [-0.05031024466903291, 1.093593072038413, -1.2375020155864e-08, 7652.774252627514], [-7.186068538194001e-09, 1.2977031166917013e-08, 1.018954925669154, 473.5246968460783], [0.0, 0.0, 0.0, 1.0]], "current_transform": [[1.0900439023971558, 0.050474051386117935, 6.146256392725036e-09, -1886.0341796875], [-0.05031024292111397, 1.0935930013656616, -1.2375020119748115e-08, 7652.7744140625], [-7.186068184950045e-09, 1.2977031005334538e-08, 1.018954873085022, 473.5246887207031], [0.0, 0.0, 0.0, 1.0]], "original_world_bb": [[-2114.59716796875, 7410.3115234375, 4.883080005645752], [-1637.240234375, 7888.24853515625, 854.830078125]], "computed_world_bb": [[-2114.597392276296, 7410.311430308948, 4.883073523795247], [-1637.240010067454, 7888.248628284801, 854.8300846068505]], "current_world_bb": [[-2114.597412109375, 7410.3115234375, 4.883087158203125], [-1637.239990234375, 7888.24853515625, 854.830078125]], "original_lowbb": [[-2456.6035067090065, 7325.970261209353, 4.882971784178567], [-1998.2909463948672, 7784.926708389884, 854.8299748271562]], "current_lowbb": [[-201.3754119873047, -211.65428161621094, -459.9237976074219], [218.63076782226562, 207.57696533203125, 374.21221923828125]]}}, "tcxiue": {"0": {"original_transform": [[-0.40037477016448975, -0.9163514971733093, -1.3409828802934953e-09, 569.0123901367188], [0.9163514971733093, -0.40037477016448975, 3.06915359793436e-09, -1023.05810546875], [-3.349319044332333e-09, 0.0, 1.0, 450.56304931640625], [0.0, 0.0, 0.0, 1.0]], "calculated_transform": [[-0.44321780724100956, -1.0229042133399997, -1.6060330370519916e-09, 554.3821156547613], [1.0144078286259413, -0.44693007058931394, 3.675783010522268e-09, -979.0322319380247], [-3.707720748661681e-09, 2.0754373195327347e-25, 1.1976537081023872, 470.51520903860813], [0.0, 0.0, 0.0, 1.0]], "current_transform": [[-0.4432178735733032, -1.0229041576385498, -1.6060330843004067e-09, 554.3821411132812], [1.014407753944397, -0.4469301402568817, 3.6757827892586192e-09, -979.0322265625], [-3.707721019097221e-09, 1.2393190514183884e-16, 1.1976536512374878, 470.51519775390625], [0.0, 0.0, 0.0, 1.0]], "original_world_bb": [[29.068498611450195, -1576.873046875, 5.649951457977295], [1108.9564208984375, -469.2431335449219, 895.4761352539062]], "computed_world_bb": [[29.068506547371157, -1576.8729213233673, 5.649951457977352], [1108.9564129625164, -469.2432590965546, 895.4761352539062]], "current_world_bb": [[29.06854248046875, -1576.872802734375, 5.649993896484375], [1108.9564208984375, -469.24322509765625, 895.47607421875]], "original_lowbb": [[-1613.7607920581124, -541.2719811668835, 5.6499462443142505], [-738.1665603980201, 309.2136964254182, 895.476132539734]], "current_lowbb": [[-446.8467712402344, -380.9466247558594, -388.1466369628906], [344.1093444824219, 380.9466247558594, 354.827880859375]]}}, "clziqw": {"0": {"original_transform": [[0.005577372387051582, -0.9999844431877136, 0.0, 1521.283447265625], [0.9999844431877136, 0.005577372387051582, 0.0, -1575.5732421875], [0.0, 0.0, 1.0, 280.4521789550781], [0.0, 0.0, 0.0, 1.0]], "calculated_transform": [[0.004349192443446171, -0.7286186577185289, 0.0, 1521.2838251591759], [0.779780240955876, 0.00406384080265844, 0.0, -1575.5737033651255], [0.0, 0.0, 1.092359111508443, 535.886797256888], [0.0, 0.0, 0.0, 1.0]], "current_transform": [[0.004349192604422569, -0.7286186814308167, 0.0, 1521.2838134765625], [0.7797802090644836, 0.004063840955495834, 0.0, -1575.57373046875], [0.0, 0.0, 1.0923590660095215, 535.8867797851562], [0.0, 0.0, 0.0, 1.0]], "original_world_bb": [[1335.6630859375, -1774.2275390625, 3.868839979171753], [1706.9039306640625, -1376.919189453125, 557.0355224609375]], "computed_world_bb": [[1335.6630856640375, -1774.2275386420308, 3.868839979171753], [1706.9039309375253, -1376.9191898735942, 557.0355224609375]], "current_world_bb": [[1335.6630859375, -1774.2275390625, 3.86883544921875], [1706.9039306640625, -1376.919189453125, 557.0355224609375]], "original_lowbb": [[-1765.7213555121084, -1715.6707183158544, 3.868839979171753], [-1368.4068270476184, -1344.4240987977691, 557.0355224609375]], "current_lowbb": [[-254.7561798095703, -254.7561798095703, -487.0357666015625], [254.75704956054688, 254.75704956054688, 19.360597610473633]]}}, "wdsnjy": {"0": {"original_transform": [[0.9999635219573975, -0.008541028946638107, 6.081987180550641e-08, 1505.4957275390625], [0.008541028946638107, 0.9999635219573975, 5.194832342070299e-10, -1050.64892578125], [-6.082208869884198e-08, 0.0, 1.0, 280.5735168457031], [0.0, 0.0, 0.0, 1.0]], "calculated_transform": [[1.2110512704638183, -0.008695210427206768, 6.630952548208143e-08, 1505.49561077565], [0.010344001285813911, 1.0180147260094259, 5.66372236730875e-10, -1050.649200394125], [-7.366135481303465e-08, 0.0, 1.090260881542481, 367.8295312880994], [0.0, 0.0, 0.0, 1.0]], "current_transform": [[1.2110512256622314, -0.008695210330188274, 6.630952498198894e-08, 1505.49560546875], [0.010344001464545727, 1.018014669418335, 5.663722268955951e-10, -1050.649169921875], [-7.366135434949683e-08, 0.0, 1.0902608633041382, 367.82952880859375], [0.0, 0.0, 0.0, 1.0]], "original_world_bb": [[1314.2537841796875, -1349.6767578125, 4.521422386169434], [1696.7374267578125, -751.6216430664062, 556.6256103515625]], "computed_world_bb": [[1314.2537809649677, -1349.6767514294531, 4.521408466392131], [1696.7374299725323, -751.6216494494531, 556.6256242713398]], "current_world_bb": [[1314.2537841796875, -1349.6767578125, 4.52142333984375], [1696.7374267578125, -751.6216430664062, 556.6256103515625]], "original_lowbb": [[1307.7586389699536, -1360.896031156734, 4.521501926994471], [1685.1754601319283, -766.0426874934655, 556.625712847453]], "current_lowbb": [[-155.81629943847656, -292.15277099609375, -333.2304382324219], [155.81629943847656, 292.15277099609375, 173.16598510742188]]}}, "zrumze": {"0": {"original_transform": [[1.7444280047129723e-06, -1.0, -5.7697270676726475e-05, -2033.756103515625], [1.0, 1.743549319144222e-06, 1.52294460349367e-05, -719.395263