#usda 1.0
(
    defaultPrim = "Rig"
    upAxis = "Z"
)

def Scope "Rig" (
    variants = {
        string rigComplexity = "high"
    }
    prepend variantSets = "rigComplexity"
)
{
    over "Skel"
    {
        float3[] extent = [(-61.667, -16.043198, -1.4734344), (61.667, 4.990801, 122.24876)]
        uniform token purpose = "guide"
    }
    variantSet "rigComplexity" = {
        "faceBones" {
            def Skeleton "Skel"
            {
                uniform matrix4d[] bindTransforms = [( (1, 0, 0, 0), (0, 1.0000000000000027, 0, 0), (0, 0, 1.0000000001991791, 0), (0, -0.0013072490692138672, 70.99105453491195, 1) ), ( (1, 0, 0, 0), (0, 1.0000000000000027, 0, 0), (0, 0, 1.0000000001991791, 0), (0, -0.0013072490692138672, 70.99105453491194, 1) ), ( (1, 0, 0, 0), (0, 1.000000000000003, 0, 0), (0, 0, 1.000000000230045, 0), (0, -0.0013072490692138678, 83.4566497790318, 1) ), ( (1, 0, 0, 0), (0, 1.0000000000000036, 0, 0), (0, 0, 1.000000000260911, 0), (0, -0.0013072490692138676, 90.16297149551578, 1) ), ( (1, 0, 0, 0), (0, 0.9999999999993417, 0, 0), (0, 0, 1.0000000003581702, 0), (0, 0.7708339691162103, 100.50954818656874, 1) ), ( (1, 0, 0, 0), (0, 0.999999999999342, 0, 0), (0, 0, 1.0000000003558396, 0), (0, 0.77083396911621, 111.15584182531659, 1) ), ( (3.294367333847379, 0.580885845318013, 0, 0), (-0.5808858453205927, 3.2943673337593746, 0, 0), (0, 0, 3.3451882612197332, 0), (3.3285450935363787, -4.5856332778930655, 119.30845642089824, 1) ), ( (-0.3139689701404085, 0.33297616224292864, 0.8891289901735948, 0), (-0.9491096445815721, -0.08561226979140199, -0.30308649231436624, 0), (-0.024800226052423505, -0.939040653706756, 0.34291048317857403, 0), (3.3800594973152327, -8.151038014626472, 120.28007964610224, 1) ), ( (-0.7299084179793295, -0.6425748414786, 0.23309070007547836, 0), (-0.06310506920123528, -0.27620000344179585, -0.9590262292242386, 0), (0.6806257793806073, -0.7147105225320947, 0.16105097771962443, 0), (5.8376254144043855, -7.03258621475457, 120.29186687991887, 1) ), ( (-0.9088988801386423, -0.40263062488814433, -0.10858823870432183, 0), (-0.2802086261715577, 0.7825034111802578, -0.5560319570945335, 0), (0.30884616154290373, -0.4749494619387396, -0.8240370483809973, 0), (4.605607916693468, -7.968383464139847, 119.11292192119623, 1) ), ( (-0.9292994790720599, 0.3619498488391623, -0.07344920096030305, 0), (0.3692997510308916, 0.9082511195732231, -0.1967170498012745, 0), (-0.004491387435702873, -0.20993382353295156, -0.9777052813480905, 0), (2.847422928271013, -8.056295758656297, 118.95671269473425, 1) ), ( (-0.7252617924239311, -0.6838795377717951, -0.07939842735888485, 0), (-0.535623335774552, 0.6329362683863045, -0.5590163882526441, 0), (0.43255401353330236, -0.36290557722120537, -0.8253463317893437, 0), (5.639872500024073, -7.157433063162772, 119.21287463858378, 1) ), ( (0.21351491275939466, -0.052883429253456724, 0.9755074192131766, 0), (-0.9647331623325851, 0.1459416921390846, 0.21906836373917907, 0), (-0.1539522897696568, -0.9878787199884321, -0.019857670273645947, 0), (2.9285657330211965, -8.168791936345169, 118.23598005718345, 1) ), ( (0.3705140301465095, 0.08461370943132804, -0.9249647958928224, 0), (0.6423537211402113, 0.6959583736329348, 0.32097295697230777, 0), (0.6708957075337832, -0.713079562421224, 0.20351041071628131, 0), (6.140745897338191, -6.9473410289465685, 118.563624825098, 1) ), ( (-0.42261357561429486, 0.8012360478134617, 0.4235782824824764, 0), (-0.8992704270822215, -0.42885358383956795, -0.08600757294168755, 0), (0.11274069665338064, -0.41725939092151826, 0.9017672293924266, 0), (4.6140593978110145, -7.929731271543917, 118.76181351249427, 1) ), ( (-0.10646319848942101, -0.868727588553227, -0.48371268771239495, 0), (0.9918834017222834, -0.12680132298036087, 0.009420290773731582, 0), (-0.06951907523164423, -0.4787836718578744, 0.8751761501214468, 0), (2.8952091080067577, -8.062789463580902, 118.73928572339413, 1) ), ( (-0.7628269228948914, 0.5974270122766586, 0.24733792816491018, 0), (-0.6435746108535019, -0.7384879248809824, -0.2011151537546416, 0), (0.06250444788366277, -0.3125964647541952, 0.9478273282714187, 0), (5.76621513604476, -7.0736245523271135, 118.94241499508733, 1) ), ( (0.6761039865739371, 0.7367769791871891, -0.006563709212794435, 0), (0.10508432639162332, -0.08760580592192826, 0.9905970457839073, 0), (0.7292740799489162, -0.6704363547040477, -0.13665434718959418, 0), (1.9141796583992525, -7.836279641819183, 118.89512152529116, 1) ), ( (-0.07152106325935147, 0.033612342939182416, 0.9968725835896031, 0), (-0.9648527349194759, -0.25570806170269944, -0.060601873722329516, 0), (0.25287138515191965, -0.9661695490866956, 0.05071947346889198, 0), (6.423422958372391, -6.2765464395025985, 119.2810522763062, 1) ), ( (-3.294367333847379, 0.580885845318013, 0, 0), (0.5808858453205927, 3.2943673337593746, 0, 0), (0, 0, 3.3451882612197332, 0), (-3.3285450935363787, -4.5856332778930655, 119.30845642089824, 1) ), ( (0.9496822547804394, -0.07666815161585439, -0.30368669625614053, 0), (0.31204723236833076, 0.3152404370383419, 0.8962421501063857, 0), (0.027021097801637268, -0.9459098590160078, 0.3233023335671022, 0), (-3.3745289080529863, -8.119671010552558, 120.28007960611991, 1) ), ( (0.06326810282124576, -0.27611107313753214, -0.9590410952907301, 0), (0.7303024355534905, -0.6421408169736156, 0.23305262024081516, 0), (-0.6801878415133906, -0.7151348448267852, 0.16101755796164, 0), (-5.837619812988426, -7.032554366623163, 120.29186519983021, 1) ), ( (0.28018502818227986, 0.736161744912941, -0.6160862239243082, 0), (0.8919509338580828, -0.436892140964481, -0.11639926440132252, 0), (-0.354851914977235, -0.5169053515896487, -0.7790307926745289, 0), (-4.599987901157871, -7.961979193740791, 119.11788327216917, 1) ), ( (-0.40707718309116786, 0.8870989694867334, -0.21758581144492387, 0), (0.913277020614965, 0.3991163063460653, -0.08143253419443641, 0), (0.014603328210630116, -0.23186544823633046, -0.9726382455566647, 0), (-2.8434608110269197, -8.033825317835543, 118.95671164409079, 1) ), ( (0.5526477076976287, 0.7028593304147432, -0.44784960960744363, 0), (0.7512689709515014, -0.6527702680252921, -0.09739563885340595, 0), (-0.3607983432082545, -0.28263003879870374, -0.8887883981617876, 0), (-5.613008637821342, -7.12150822249089, 119.18769487674209, 1) ), ( (-0.9663418707344236, -0.12072172321150339, -0.22717758342396166, 0), (0.23816357058594814, -0.08591199595908947, -0.9674178221411284, 0), (0.0972710669252766, -0.988961772454967, 0.11177187554099384, 0), (-2.7832579004676408, -8.12343734445702, 118.26511515939218, 1) ), ( (-0.5711583388668012, 0.7245182759138361, 0.3858126745064133, 0), (-0.450440360001614, 0.11628305484145804, -0.8852015212585931, 0), (-0.686208156406664, -0.6793758304422031, 0.2599362365888014, 0), (-6.298886752031013, -6.754249612112853, 118.67749376730083, 1) ), ( (0.881240796114956, -0.4648225864563086, -0.08575909504389637, 0), (0.4478887452665885, 0.7632095225757606, 0.4657326448867938, 0), (-0.15103089460841884, -0.4488331402311216, 0.880760172296762, 0), (-4.6100565185226525, -7.9070440426746496, 118.7617511284889, 1) ), ( (-0.9909879670736875, -0.13385827914167062, 0.004980985885401168, 0), (0.10957462381514917, -0.8314765083947439, -0.5446468744090244, 0), (0.07704706610062999, -0.5391927091889561, 0.8386506853052192, 0), (-2.8908812554748424, -8.038246927105135, 118.73928267004929, 1) ), ( (0.7620932116121756, 0.5981882054431996, 0.24775957637051643, 0), (-0.6444950056562452, 0.737481729202912, 0.2018585811305732, 0), (-0.061968738408494456, -0.3135148639595458, 0.9475591303642665, 0), (-5.766190973918513, -7.073487875411675, 118.942414996667, 1) ), ( (-0.6761047775044041, 0.7367760743582349, -0.006583774676358081, 0), (0.10510830306697945, 0.0876010695147079, -0.9905949208664839, 0), (-0.7292698913720412, -0.6704379679533604, -0.13666878452954923, 0), (-1.9141796916479166, -7.836279663251395, 118.8951198273395, 1) ), ( (0.9648510732296488, -0.25571235044111407, -0.06061023279510291, 0), (0.07152911203446644, 0.033609208697259106, 0.9968721117688688, 0), (-0.25287544882638635, -0.9661685230448291, 0.050718758445254454, 0), (-6.423423024521913, -6.276546788643873, 119.28105544141073, 1) ), ( (1, 0, 0, 0), (0, 0.9999999999810244, 0, 0), (0, 0, 1.0000000001986282, 0), (0, -11.712834358193557, 115.72798919687062, 1) ), ( (0.9999999998912805, -0.000005217275513842339, -0.000013791994991364425, 0), (0.00000889845244842374, -0.5323061230375036, 0.846551942468835, 0), (-0.000011758258103442888, -0.8465519424994324, -0.5323061229332643, 0), (2.6856988855072927e-14, -8.131153953981457, 108.17131616286895, 1) ), ( (-0.12171535735507574, 0.5730761434449859, -0.8104129228968976, 0), (0.7969969808754539, 0.54307153322659, 0.2643276797354894, 0), (0.5915920758927709, -0.6137239148133687, -0.5228401018735034, 0), (2.3141851283116175, -7.191728473985052, 108.61019913178359, 1) ), ( (-0.7970838502266654, 0.5429499502601859, 0.26431550696149453, 0), (0.12154756197471492, 0.5729984462797449, -0.8104930417586235, 0), (-0.5915095315255857, -0.613904008843537, -0.5227220504630323, 0), (-2.3132236553304697, -7.1925545162095, 108.61008212613707, 1) ), ( (0.7988820129059706, 0.5602782885891936, 0.2188053216694687, 0), (0.06278198672517436, -0.4394590969220349, 0.896065915139889, 0), (0.5982022664602207, -0.7021139091828578, -0.386251352015568, 0), (5.2352675368358685, -7.66855326609351, 112.85124735920554, 1) ), ( (-0.0627796715191902, -0.43946317504524524, 0.8960640772976407, 0), (-0.7988803767098623, 0.5602785496223711, 0.21881062712073926, 0), (-0.5982046945250856, -0.7021111483320889, -0.38625261013484097, 0), (-5.235266763461781, -7.668553282147502, 112.85124498246431, 1) ), ( (0.9999999999991189, 0, 0, 0), (0, 0.9999999999991186, 0, 0), (0, 0, 1.0000000001945182, 0), (9.10751318412261, 1.3637421542940094, 116.4868258306122, 1) ), ( (-0.9999999999991189, 0, 0, 0), (0, 0.9999999999991186, 0, 0), (0, 0, 1.0000000001945182, 0), (-9.10751318412261, 1.3637421542940094, 116.4868258306122, 1) ), ( (1, 0, 0, 0), (0, 0.9999999999991186, 0, 0), (0, 0, 1.0000000001990976, 0), (0, 0.291871661086695, 111.25013417378983, 1) ), ( (0.000007307800311821259, 0.1827182522748383, -0.9831653168376303, 0), (0.9999999999644404, 0.0000028028514284897526, 0.00000795383267983529, 0), (0.000004208976718885465, -0.983165316860686, -0.1827182522478783, 0), (-1.6497952507500377e-9, -10.610579173123828, 112.23374155054012, 1) ), ( (0.8880742243448193, 0.44870109902967514, -0.09995746987549975, 0), (0.1955373965222982, -0.17192291478838134, 0.9655090045836723, 0), (0.4160399719038307, -0.8769890837659042, -0.24041815391877694, 0), (1.0746527675849524, -10.31260589301317, 112.14622176199212, 1) ), ( (-0.19553814756768118, -0.17192438983998548, 0.9655085898241164, 0), (-0.8880744310530598, 0.4487006521074454, -0.09995763956866845, 0), (-0.4160391776766895, -0.876989023261299, -0.24041974901681815, 0), (-1.0746526763148654, -10.31260609439694, 112.14622315150315, 1) ), ( (0.9798734345018166, 0.1805391619186067, -0.08516844117009073, 0), (0.14107654486423887, -0.3244579682993025, 0.9353204987042946, 0), (0.14122839957608468, -0.9285109788369761, -0.34339758492511924, 0), (2.626581109249555, -8.436833805224747, 111.19235176905536, 1) ), ( (-0.13490990106765235, -0.332579181407983, 0.9333758121400536, 0), (-0.9812251038396792, 0.17587233769233976, -0.07915943676810763, 0), (-0.13782820534548795, -0.9265311699714232, -0.35006196149061247, 0), (-2.626260059401881, -8.43722274173243, 111.19326515530139, 1) ), ( (-0.9999999999218181, 0.000004163021974505354, 0.000011791231807576609, 0), (-0.0000069654557832628825, 0.5976668439048566, -0.8017445625936183, 0), (-0.000010384908532201138, -0.8017445626129794, -0.5976668438291983, 0), (-2.4286129490855912e-17, -9.542433885996765, 110.08228782978638, 1) ), ( (-0.9507591822032494, -0.2567401557793293, -0.17361298876126902, 0), (-0.0066635257455310475, 0.5769710733796518, -0.8167373983771761, 0), (0.309858959368365, -0.7753637063354387, -0.550271340519377, 0), (0.9229703850172619, -9.423012480338326, 110.16571665342546, 1) ), ( (0.006688000824810549, 0.5771069610109623, -0.8166411857099825, 0), (0.9507548669874752, -0.2567350828384922, -0.17364411921959053, 0), (-0.30987167240278585, -0.7752642498835393, -0.5504042963993659, 0), (-0.9230282571018357, -9.422934818461542, 110.1656401958396, 1) ), ( (0.999999999980914, 0, 0, 0), (0, 0.9999999999761426, 0, 0), (0, 0, 1.0000000002603602, 0), (1.7621619701925706, -8.9240894317504, 122.24875640871986, 1) ), ( (-0.999999999980914, 0, 0, 0), (0, 0.9999999999761426, 0, 0), (0, 0, 1.0000000002603602, 0), (-1.7621619701925706, -8.9240894317504, 122.24875640871986, 1) ), ( (0, 0, -1.0000000002987688, 0), (0, 1.0000000000189924, 0, 0), (0.9999999999810244, 0, 0, 0), (1.060518026351934, 2.1162056028842935, 97.96696090698222, 1) ), ( (0, 0, -1.0000000003319653, 0), (0, 1.000000000021103, 0, 0), (0.9999999999695919, 0, 0, 0), (9.672762393955217, 2.116205602884292, 97.96696090698224, 1) ), ( (0, 0, -1.0000000003983585, 0), (0, 1.0000000000253235, 0, 0), (0.9999999999579389, 0, 0, 0), (29.752457618900586, 2.11620560288429, 97.96696090698221, 1) ), ( (0, 1.0000000000295444, 0, 0), (0, 0, 1.0000000004647516, 0), (1.000000000157118, 0, 0, 0), (47.25210366853135, 2.1162056028842917, 97.96696090698215, 1) ), ( (0.6469816968615829, 0.28689014718941197, 0.7064762753800633, 0), (-0.4366893038386571, -0.6201162147167723, 0.6517348636274203, 0), (0.6250737046496754, -0.7301711605461514, -0.2759219822824667, 0), (50.27465556544702, 0.14089363334763094, 96.02621065748237, 1) ), ( (0.6469816968416056, 0.28689014719251, 0.7064762753587976, 0), (-0.43668930384654164, -0.6201162147154108, 0.6517348636381455, 0), (0.6250737046643834, -0.7301711605491771, -0.27592198228895903, 0), (51.543466664168314, -1.3412504171226742, 95.46612810898255, 0.9999999999999998) ), ( (0.6469816968222506, 0.2868901471901627, 0.7064762753372573, 0), (-0.436689303853545, -0.6201162147161892, 0.6517348636484818, 0), (0.6250737046753021, -0.7301711605486086, -0.27592198243588745, 0), (52.70991897610777, -2.7038254734429046, 94.95122909493831, 0.9999999999999998) ), ( (0.6469816968222505, 0.28689014719016265, 0.7064762753372572, 0), (-0.436689303853545, -0.6201162147161892, 0.6517348636484818, 0), (0.6250737046753021, -0.7301711605486086, -0.2759219824358874, 0), (53.960066385458354, -4.164167794540128, 94.39938513006652, 0.9999999999999996) ), ( (0.026176948271215503, 0.9996573249790067, 0, 0), (0, 0, 1.0000000002985485, 0), (0.9996573251629468, -0.026176948315707393, 0, 0), (54.3337440490717, -0.10787993670835805, 97.77806854248027, 1) ), ( (0.026167978075956444, 0.9993147673812869, 0.026176948328973652, 0), (-0.0006852326084623752, -0.02616797812294237, 0.9996573253232738, 0), (0.9996573253424612, -0.02617694832038239, 0, 0), (57.22994516142766, -0.18371963189422358, 97.7780685424803, 1) ), ( (0.026167978075957183, 0.9993147673813153, 0.02617694832897439, 0), (-0.0006852326084851222, -0.026167978123811046, 0.9996573253564588, 0), (0.9996573253043961, -0.026176948319385614, 9.081953359140489e-20, 0), (59.081010459248624, -0.23219148260777983, 97.7780685424803, 1) ), ( (0.02616797807595718, 0.9993147673813152, 0.026176948328974395, 0), (-0.000685232608485122, -0.026167978123811043, 0.9996573253564588, 0), (0.9996573253043961, -0.026176948319385614, 9.081953359140489e-20, 0), (61.08032510985742, -0.28454537924655066, 97.77806854248028, 1) ), ( (0, 1.0000000000010085, 0, 0), (0, 0, 1.0000000002987688, 0), (1.000000000294108, 0, 0, 0), (54.459676742553725, 1.5434340834617615, 97.96659851074199, 1) ), ( (0, 1.0000000000008984, 0, 0), (0, 0, 1.0000000003319653, 0), (1.0000000003315253, 0, 0, 0), (57.52327346781421, 1.543434083461762, 97.966598510742, 1) ), ( (0, 1.0000000000007883, 0, 0), (0, 0, 1.000000000365162, 0), (1.0000000003689422, 0, 0, 0), (59.66699981675222, 1.5434340834617606, 97.966598510742, 1) ), ( (0, 1.0000000000007883, 0, 0), (0, 0, 1.000000000365162, 0), (1.0000000003689422, 0, 0, 0), (61.6669998174901, 1.5434340834617608, 97.966598510742, 1) ), ( (-0.026176948271238346, 0.9996573249825574, 0, 0), (0, 0, 1.0000000002985485, 0), (0.999657325233953, 0.02617694831550867, 0, 0), (54.27372932434039, 3.1630603075159023, 97.81296539306622, 1) ), ( (-0.026167978146851577, 0.9993147673769568, -0.026176948329079006, 0), (-0.0006852326794135409, 0.02616797811814479, 0.9996573253232738, 0), (0.9996573252715901, 0.02617694831205334, 0, 0), (57.22904560946365, 3.2404479879727757, 97.81296539306625, 1) ), ( (-0.026167978146906794, 0.9993147673790654, -0.026176948329134246, 0), (-0.0006852326794362879, 0.02616797811901347, 0.999657325356459, 0), (0.9996573253045551, 0.026176948312916563, -9.081953359177041e-20, 0), (59.16203777941859, 3.2910651693221595, 97.81296539306624, 1) ), ( (-0.026167978146906797, 0.9993147673790657, -0.026176948329134257, 0), (-0.0006852326794362879, 0.02616797811901348, 0.9996573253564592, 0), (0.9996573253045553, 0.02617694831291657, -1.9920259798102258e-19, 0), (61.161352430027705, 3.3434190659479945, 97.81296539306629, 1.0000000000000002) ), ( (-0.05233595631041936, 0.9986295347329014, 0, 0), (0, 0, 1.000000000440657, 0), (0.9986295349162576, 0.0523359562457286, 0, 0), (53.77282524108701, 4.6762771606690485, 97.57617950439432, 1) ), ( (-0.052264231692480984, 0.9972609476656457, -0.052335956306147166, 0), (-0.0027390523415361345, 0.05226423163090791, 0.9986295352032881, 0), (0.998629534952695, 0.05233595625651998, 0, 0), (56.21677697260339, 4.8043592435936375, 97.5761795043943, 1) ), ( (-0.05226423169235918, 0.9972609476633214, -0.0523359563060252, 0), (-0.002739052341627062, 0.05226423163264291, 0.9986295352364392, 0), (0.9986295349856261, 0.05233595625824583, 4.330865246302378e-19, 0), (57.77703466957045, 4.886128884605941, 97.57617950439432, 1.0000000000000002) ), ( (-0.05226423169235917, 0.9972609476633213, -0.05233595630602519, 0), (-0.002739052341627062, 0.052264231632642905, 0.998629535236439, 0), (0.9986295349856259, 0.05233595625824582, 8.661730492748525e-19, 0), (59.774293739541676, 4.99080079712243, 97.57617950439429, 1) ), ( (0, 0, -1.0000000002987688, 0), (0, 1.0000000000189924, 0, 0), (-0.9999999999810244, 0, 0, 0), (-1.060518026351934, 2.1162056028842935, 97.96696090698222, 1) ), ( (0, 0, -1.0000000003319653, 0), (0, 1.000000000021103, 0, 0), (-0.9999999999695919, 0, 0, 0), (-9.672762393955217, 2.116205602884292, 97.96696090698224, 1) ), ( (0, 0, -1.0000000003983585, 0), (0, 1.0000000000253235, 0, 0), (-0.9999999999579389, 0, 0, 0), (-29.752457618900586, 2.11620560288429, 97.96696090698221, 1) ), ( (0, 1.0000000000295444, 0, 0), (0, 0, 1.0000000004647516, 0), (-1.000000000157118, 0, 0, 0), (-47.25210366853135, 2.1162056028842917, 97.96696090698215, 1) ), ( (-0.6469816968615829, 0.28689014718941197, 0.7064762753800633, 0), (0.4366893038386571, -0.6201162147167723, 0.6517348636274203, 0), (-0.6250737046496754, -0.7301711605461514, -0.2759219822824667, 0), (-50.27465556544702, 0.14089363334763094, 96.02621065748237, 1) ), ( (-0.6469816968416056, 0.28689014719251, 0.7064762753587976, 0), (0.43668930384654164, -0.6201162147154108, 0.6517348636381455, 0), (-0.6250737046643834, -0.7301711605491771, -0.27592198228895903, 0), (-51.543466664168314, -1.3412504171226742, 95.46612810898255, 0.9999999999999998) ), ( (-0.6469816968222506, 0.2868901471901627, 0.7064762753372573, 0), (0.436689303853545, -0.6201162147161892, 0.6517348636484818, 0), (-0.6250737046753021, -0.7301711605486086, -0.27592198243588745, 0), (-52.70991897610777, -2.7038254734429046, 94.95122909493831, 0.9999999999999998) ), ( (-0.6469816968222505, 0.28689014719016265, 0.7064762753372572, 0), (0.436689303853545, -0.6201162147161892, 0.6517348636484818, 0), (-0.6250737046753021, -0.7301711605486086, -0.2759219824358874, 0), (-53.960066385458354, -4.164167794540128, 94.39938513006652, 0.9999999999999996) ), ( (-0.026176948271215503, 0.9996573249790067, 0, 0), (0, 0, 1.0000000002985485, 0), (-0.9996573251629468, -0.026176948315707393, 0, 0), (-54.3337440490717, -0.10787993670835805, 97.77806854248027, 1) ), ( (-0.026167978075956444, 0.9993147673812869, 0.026176948328973652, 0), (0.0006852326084623752, -0.02616797812294237, 0.9996573253232738, 0), (-0.9996573253424612, -0.02617694832038239, 0, 0), (-57.22994516142766, -0.18371963189422358, 97.7780685424803, 1) ), ( (-0.026167978075957183, 0.9993147673813153, 0.02617694832897439, 0), (0.0006852326084851222, -0.026167978123811046, 0.9996573253564588, 0), (-0.9996573253043961, -0.026176948319385614, 9.081953359140489e-20, 0), (-59.081010459248624, -0.23219148260777983, 97.7780685424803, 1) ), ( (-0.02616797807595718, 0.9993147673813152, 0.026176948328974395, 0), (0.000685232608485122, -0.026167978123811043, 0.9996573253564588, 0), (-0.9996573253043961, -0.026176948319385614, 9.081953359140489e-20, 0), (-61.08032510985742, -0.28454537924655066, 97.77806854248028, 1) ), ( (0, 1.0000000000010085, 0, 0), (0, 0, 1.0000000002987688, 0), (-1.000000000294108, 0, 0, 0), (-54.459676742553725, 1.5434340834617615, 97.96659851074199, 1) ), ( (0, 1.0000000000008984, 0, 0), (0, 0, 1.0000000003319653, 0), (-1.0000000003315253, 0, 0, 0), (-57.52327346781421, 1.543434083461762, 97.966598510742, 1) ), ( (0, 1.0000000000007883, 0, 0), (0, 0, 1.000000000365162, 0), (-1.0000000003689422, 0, 0, 0), (-59.66699981675222, 1.5434340834617606, 97.966598510742, 1) ), ( (0, 1.0000000000007883, 0, 0), (0, 0, 1.000000000365162, 0), (-1.0000000003689422, 0, 0, 0), (-61.6669998174901, 1.5434340834617608, 97.966598510742, 1) ), ( (0.026176948271238346, 0.9996573249825574, 0, 0), (0, 0, 1.0000000002985485, 0), (-0.999657325233953, 0.02617694831550867, 0, 0), (-54.27372932434039, 3.1630603075159023, 97.81296539306622, 1) ), ( (0.026167978146851577, 0.9993147673769568, -0.026176948329079006, 0), (0.0006852326794135409, 0.02616797811814479, 0.9996573253232738, 0), (-0.9996573252715901, 0.02617694831205334, 0, 0), (-57.22904560946365, 3.2404479879727757, 97.81296539306625, 1) ), ( (0.026167978146906794, 0.9993147673790654, -0.026176948329134246, 0), (0.0006852326794362879, 0.02616797811901347, 0.999657325356459, 0), (-0.9996573253045551, 0.026176948312916563, -9.081953359177041e-20, 0), (-59.16203777941859, 3.2910651693221595, 97.81296539306624, 1) ), ( (0.026167978146906797, 0.9993147673790657, -0.026176948329134257, 0), (0.0006852326794362879, 0.02616797811901348, 0.9996573253564592, 0), (-0.9996573253045553, 0.02617694831291657, -1.9920259798102258e-19, 0), (-61.161352430027705, 3.3434190659479945, 97.81296539306629, 1.0000000000000002) ), ( (0.05233595631041936, 0.9986295347329014, 0, 0), (0, 0, 1.000000000440657, 0), (-0.9986295349162576, 0.0523359562457286, 0, 0), (-53.77282524108701, 4.6762771606690485, 97.57617950439432, 1) ), ( (0.052264231692480984, 0.9972609476656457, -0.052335956306147166, 0), (0.0027390523415361345, 0.05226423163090791, 0.9986295352032881, 0), (-0.998629534952695, 0.05233595625651998, 0, 0), (-56.21677697260339, 4.8043592435936375, 97.5761795043943, 1) ), ( (0.05226423169235918, 0.9972609476633214, -0.0523359563060252, 0), (0.002739052341627062, 0.05226423163264291, 0.9986295352364392, 0), (-0.9986295349856261, 0.05233595625824583, 4.330865246302378e-19, 0), (-57.77703466957045, 4.886128884605941, 97.57617950439432, 1.0000000000000002) ), ( (0.05226423169235917, 0.9972609476633213, -0.05233595630602519, 0), (0.002739052341627062, 0.052264231632642905, 0.998629535236439, 0), (-0.9986295349856259, 0.05233595625824582, 8.661730492748525e-19, 0), (-59.774293739541676, 4.99080079712243, 97.57617950439429, 1) ), ( (0.9999999999790243, 0, 0, 0), (0, -0.9999999999990085, 0, 0), (0, 0, -1.000000000298769, 0), (4.230487048625947, 1.3654502630233762, 65.01936531066877, 1) ), ( (0.9999999999766939, 0, 0, 0), (0, -0.9999999999988985, 0, 0), (0, 0, -1.0000000003273044, 0), (4.230487048625946, 1.3654502630233945, 33.39325141171807, 1) ), ( (0.9999999999697025, 0, 0, 0), (0, -0.9999999999985683, 0, 0), (0, 0, -1.000000000204409, 0), (4.230487048625945, 1.3654502630234238, 6.637357460981253, 1) ), ( (0.9999999999603801, 0, 0, 0), (0, 0, 1.000000000217071, 0), (0, -1.000000000006789, 0, 0), (4.230487048625945, -3.6891079745778153, 2.3969536624796044, 1.0000000000000002) ), ( (-0.999999999972033, 0, 0, 0), (0, 0, 1.0000000001228027, 0), (0, 0.9999999999808046, 0, 0), (4.230487048625946, -16.043196972408186, -1.473434431453445, 1.0000000000000002) ), ( (-0.9999999999790243, 0, 0, 0), (0, -0.9999999999990085, 0, 0), (0, 0, -1.000000000298769, 0), (-4.230487048625947, 1.3654502630233762, 65.01936531066877, 1) ), ( (-0.9999999999766939, 0, 0, 0), (0, -0.9999999999988985, 0, 0), (0, 0, -1.0000000003273044, 0), (-4.230487048625946, 1.3654502630233945, 33.39325141171807, 1) ), ( (-0.9999999999697025, 0, 0, 0), (0, -0.9999999999985683, 0, 0), (0, 0, -1.000000000204409, 0), (-4.230487048625945, 1.3654502630234238, 6.637357460981253, 1) ), ( (-0.9999999999603801, 0, 0, 0), (0, 0, 1.000000000217071, 0), (0, -1.000000000006789, 0, 0), (-4.230487048625945, -3.6891079745778153, 2.3969536624796044, 1.0000000000000002) ), ( (0.999999999972033, 0, 0, 0), (0, 0, 1.0000000001228027, 0), (0, 0.9999999999808046, 0, 0), (-4.230487048625946, -16.043196972408186, -1.473434431453445, 1.0000000000000002) )]
                uniform token[] jointNames = ["Hips", "Torso", "Chest", "UpChest", "Neck", "Head", "LEye", "LUpLidInner", "LUpLidOuter", "LUpLidTip", "LUpLidTipInner", "LUpLidTipOuter", "LLoLidInner", "LLoLidOuter", "LLoLidTip", "LLoLidTipInner", "LLoLidTipOuter", "LLidInnerCorner", "LLidOuterCorner", "REye", "RUpLidInner", "RUpLidOuter", "RUpLidTip", "RUpLidTipInner", "RUpLidTipOuter", "RLoLidInner", "RLoLidOuter", "RLoLidTip", "RLoLidTipInner", "RLoLidTipOuter", "RLidInnerCorner", "RLidOuterCorner", "Nose", "Chin", "LChin", "RChin", "LCheek", "RCheek", "LEar", "REar", "Mouth", "UpLip", "LUpLip", "RUpLip", "LLipCorner", "RLipCorner", "LoLip", "LLoLip", "RLoLip", "LBrow", "RBrow", "LShldr", "LArm", "LElbow", "LHand", "LThumb", "LThumbMid", "LThumbTip", "LThumbEnd", "LIndex", "LIndexMid", "LIndexTip", "LIndexEnd", "LMiddle", "LMiddleMid", "LMiddleTip", "LMiddleEnd", "LRing", "LRingMid", "LRingTip", "LRingEnd", "LPinky", "LPinkyMid", "LPinkyTip", "LPinkyEnd", "RShldr", "RArm", "RElbow", "RHand", "RThumb", "RThumbMid", "RThumbTip", "RThumbEnd", "RIndex", "RIndexMid", "RIndexTip", "RIndexEnd", "RMiddle", "RMiddleMid", "RMiddleTip", "RMiddleEnd", "RRing", "RRingMid", "RRingTip", "RRingEnd", "RPinky", "RPinkyMid", "RPinkyTip", "RPinkyEnd", "LLeg", "LKnee", "LFoot", "LToes", "LTip", "RLeg", "RKnee", "RFoot", "RToes", "RTip"]
                uniform token[] joints = ["Hips", "Hips/Torso", "Hips/Torso/Chest", "Hips/Torso/Chest/UpChest", "Hips/Torso/Chest/UpChest/Neck", "Hips/Torso/Chest/UpChest/Neck/Head", "Hips/Torso/Chest/UpChest/Neck/Head/LEye", "Hips/Torso/Chest/UpChest/Neck/Head/LUpLidInner", "Hips/Torso/Chest/UpChest/Neck/Head/LUpLidOuter", "Hips/Torso/Chest/UpChest/Neck/Head/LUpLidTip", "Hips/Torso/Chest/UpChest/Neck/Head/LUpLidTipInner", "Hips/Torso/Chest/UpChest/Neck/Head/LUpLidTipOuter", "Hips/Torso/Chest/UpChest/Neck/Head/LLoLidInner", "Hips/Torso/Chest/UpChest/Neck/Head/LLoLidOuter", "Hips/Torso/Chest/UpChest/Neck/Head/LLoLidTip", "Hips/Torso/Chest/UpChest/Neck/Head/LLoLidTipInner", "Hips/Torso/Chest/UpChest/Neck/Head/LLoLidTipOuter", "Hips/Torso/Chest/UpChest/Neck/Head/LLidInnerCorner", "Hips/Torso/Chest/UpChest/Neck/Head/LLidOuterCorner", "Hips/Torso/Chest/UpChest/Neck/Head/REye", "Hips/Torso/Chest/UpChest/Neck/Head/RUpLidInner", "Hips/Torso/Chest/UpChest/Neck/Head/RUpLidOuter", "Hips/Torso/Chest/UpChest/Neck/Head/RUpLidTip", "Hips/Torso/Chest/UpChest/Neck/Head/RUpLidTipInner", "Hips/Torso/Chest/UpChest/Neck/Head/RUpLidTipOuter", "Hips/Torso/Chest/UpChest/Neck/Head/RLoLidInner", "Hips/Torso/Chest/UpChest/Neck/Head/RLoLidOuter", "Hips/Torso/Chest/UpChest/Neck/Head/RLoLidTip", "Hips/Torso/Chest/UpChest/Neck/Head/RLoLidTipInner", "Hips/Torso/Chest/UpChest/Neck/Head/RLoLidTipOuter", "Hips/Torso/Chest/UpChest/Neck/Head/RLidInnerCorner", "Hips/Torso/Chest/UpChest/Neck/Head/RLidOuterCorner", "Hips/Torso/Chest/UpChest/Neck/Head/Nose", "Hips/Torso/Chest/UpChest/Neck/Head/Chin", "Hips/Torso/Chest/UpChest/Neck/Head/LChin", "Hips/Torso/Chest/UpChest/Neck/Head/RChin", "Hips/Torso/Chest/UpChest/Neck/Head/LCheek", "Hips/Torso/Chest/UpChest/Neck/Head/RCheek", "Hips/Torso/Chest/UpChest/Neck/Head/LEar", "Hips/Torso/Chest/UpChest/Neck/Head/REar", "Hips/Torso/Chest/UpChest/Neck/Head/Mouth", "Hips/Torso/Chest/UpChest/Neck/Head/UpLip", "Hips/Torso/Chest/UpChest/Neck/Head/LUpLip", "Hips/Torso/Chest/UpChest/Neck/Head/RUpLip", "Hips/Torso/Chest/UpChest/Neck/Head/LLipCorner", "Hips/Torso/Chest/UpChest/Neck/Head/RLipCorner", "Hips/Torso/Chest/UpChest/Neck/Head/LoLip", "Hips/Torso/Chest/UpChest/Neck/Head/LLoLip", "Hips/Torso/Chest/UpChest/Neck/Head/RLoLip", "Hips/Torso/Chest/UpChest/Neck/Head/LBrow", "Hips/Torso/Chest/UpChest/Neck/Head/RBrow", "Hips/Torso/Chest/UpChest/LShldr", "Hips/Torso/Chest/UpChest/LShldr/LArm", "Hips/Torso/Chest/UpChest/LShldr/LArm/LElbow", "Hips/Torso/Chest/UpChest/LShldr/LArm/LElbow/LHand", "Hips/Torso/Chest/UpChest/LShldr/LArm/LElbow/LHand/LThumb", "Hips/Torso/Chest/UpChest/LShldr/LArm/LElbow/LHand/LThumb/LThumbMid", "Hips/Torso/Chest/UpChest/LShldr/LArm/LElbow/LHand/LThumb/LThumbMid/LThumbTip", "Hips/Torso/Chest/UpChest/LShldr/LArm/LElbow/LHand/LThumb/LThumbMid/LThumbTip/LThumbEnd", "Hips/Torso/Chest/UpChest/LShldr/LArm/LElbow/LHand/LIndex", "Hips/Torso/Chest/UpChest/LShldr/LArm/LElbow/LHand/LIndex/LIndexMid", "Hips/Torso/Chest/UpChest/LShldr/LArm/LElbow/LHand/LIndex/LIndexMid/LIndexTip", "Hips/Torso/Chest/UpChest/LShldr/LArm/LElbow/LHand/LIndex/LIndexMid/LIndexTip/LIndexEnd", "Hips/Torso/Chest/UpChest/LShldr/LArm/LElbow/LHand/LMiddle", "Hips/Torso/Chest/UpChest/LShldr/LArm/LElbow/LHand/LMiddle/LMiddleMid", "Hips/Torso/Chest/UpChest/LShldr/LArm/LElbow/LHand/LMiddle/LMiddleMid/LMiddleTip", "Hips/Torso/Chest/UpChest/LShldr/LArm/LElbow/LHand/LMiddle/LMiddleMid/LMiddleTip/LMiddleEnd", "Hips/Torso/Chest/UpChest/LShldr/LArm/LElbow/LHand/LRing", "Hips/Torso/Chest/UpChest/LShldr/LArm/LElbow/LHand/LRing/LRingMid", "Hips/Torso/Chest/UpChest/LShldr/LArm/LElbow/LHand/LRing/LRingMid/LRingTip", "Hips/Torso/Chest/UpChest/LShldr/LArm/LElbow/LHand/LRing/LRingMid/LRingTip/LRingEnd", "Hips/Torso/Chest/UpChest/LShldr/LArm/LElbow/LHand/LPinky", "Hips/Torso/Chest/UpChest/LShldr/LArm/LElbow/LHand/LPinky/LPinkyMid", "Hips/Torso/Chest/UpChest/LShldr/LArm/LElbow/LHand/LPinky/LPinkyMid/LPinkyTip", "Hips/Torso/Chest/UpChest/LShldr/LArm/LElbow/LHand/LPinky/LPinkyMid/LPinkyTip/LPinkyEnd", "Hips/Torso/Chest/UpChest/RShldr", "Hips/Torso/Chest/UpChest/RShldr/RArm", "Hips/Torso/Chest/UpChest/RShldr/RArm/RElbow", "Hips/Torso/Chest/UpChest/RShldr/RArm/RElbow/RHand", "Hips/Torso/Chest/UpChest/RShldr/RArm/RElbow/RHand/RThumb", "Hips/Torso/Chest/UpChest/RShldr/RArm/RElbow/RHand/RThumb/RThumbMid", "Hips/Torso/Chest/UpChest/RShldr/RArm/RElbow/RHand/RThumb/RThumbMid/RThumbTip", "Hips/Torso/Chest/UpChest/RShldr/RArm/RElbow/RHand/RThumb/RThumbMid/RThumbTip/RThumbEnd", "Hips/Torso/Chest/UpChest/RShldr/RArm/RElbow/RHand/RIndex", "Hips/Torso/Chest/UpChest/RShldr/RArm/RElbow/RHand/RIndex/RIndexMid", "Hips/Torso/Chest/UpChest/RShldr/RArm/RElbow/RHand/RIndex/RIndexMid/RIndexTip", "Hips/Torso/Chest/UpChest/RShldr/RArm/RElbow/RHand/RIndex/RIndexMid/RIndexTip/RIndexEnd", "Hips/Torso/Chest/UpChest/RShldr/RArm/RElbow/RHand/RMiddle", "Hips/Torso/Chest/UpChest/RShldr/RArm/RElbow/RHand/RMiddle/RMiddleMid", "Hips/Torso/Chest/UpChest/RShldr/RArm/RElbow/RHand/RMiddle/RMiddleMid/RMiddleTip", "Hips/Torso/Chest/UpChest/RShldr/RArm/RElbow/RHand/RMiddle/RMiddleMid/RMiddleTip/RMiddleEnd", "Hips/Torso/Chest/UpChest/RShldr/RArm/RElbow/RHand/RRing", "Hips/Torso/Chest/UpChest/RShldr/RArm/RElbow/RHand/RRing/RRingMid", "Hips/Torso/Chest/UpChest/RShldr/RArm/RElbow/RHand/RRing/RRingMid/RRingTip", "Hips/Torso/Chest/UpChest/RShldr/RArm/RElbow/RHand/RRing/RRingMid/RRingTip/RRingEnd", "Hips/Torso/Chest/UpChest/RShldr/RArm/RElbow/RHand/RPinky", "Hips/Torso/Chest/UpChest/RShldr/RArm/RElbow/RHand/RPinky/RPinkyMid", "Hips/Torso/Chest/UpChest/RShldr/RArm/RElbow/RHand/RPinky/RPinkyMid/RPinkyTip", "Hips/Torso/Chest/UpChest/RShldr/RArm/RElbow/RHand/RPinky/RPinkyMid/RPinkyTip/RPinkyEnd", "Hips/LLeg", "Hips/LLeg/LKnee", "Hips/LLeg/LKnee/LFoot", "Hips/LLeg/LKnee/LFoot/LToes", "Hips/LLeg/LKnee/LFoot/LToes/LTip", "Hips/RLeg", "Hips/RLeg/RKnee", "Hips/RLeg/RKnee/RFoot", "Hips/RLeg/RKnee/RFoot/RToes", "Hips/RLeg/RKnee/RFoot/RToes/RTip"]
