#usda 1.0
(
    defaultPrim = "HumanFemale_Group"
    endTimeCode = 129
    startTimeCode = 101
    upAxis = "Z"
)

def "HumanFemale_Group" (
    prepend apiSchemas = ["SkelBindingAPI"]
    prepend references = @./HumanFemale.usd@
)
{
    float3[] extent = [(-61.667, -16.043198, -1.4734344), (61.667, 4.990801, 122.24876)]
    float3[] extent.timeSamples = {
        101: [(-27.248653, -47.21019, -10.769325), (28.043348, 32.512703, 133.27539)],
        102: [(-27.401627, -45.71063, -11.295459), (28.358252, 32.811764, 132.71472)],
        103: [(-27.437355, -43.440197, -11.833952), (28.454489, 31.241291, 132.07327)],
        104: [(-27.322323, -40.48568, -12.157806), (28.263811, 29.161514, 131.40239)],
        105: [(-27.093521, -37.478947, -12.297527), (27.92833, 26.768875, 130.89536)],
        106: [(-26.791273, -34.44445, -12.3486185), (27.407917, 24.140709, 131.20319)],
        107: [(-26.482525, -31.390635, -12.369556), (26.742771, 21.329994, 131.84622)],
        108: [(-26.225151, -28.326515, -12.38937), (26.019049, 18.366667, 132.50839)],
        109: [(-26.12999, -25.263372, -12.471554), (25.301163, 19.29888, 133.10416)],
        110: [(-26.132877, -26.028725, -11.886407), (24.725845, 21.391562, 133.59375)],
        111: [(-26.398832, -31.147194, -11.768064), (24.467852, 24.294495, 133.9403)],
        112: [(-26.729586, -35.848106, -11.551186), (24.3643, 26.945358, 134.09387)],
        113: [(-27.07426, -40.319252, -11.274272), (24.407734, 29.130222, 134.01456)],
        114: [(-27.43037, -44.219406, -10.967913), (24.649544, 30.301676, 133.72449)],
        115: [(-27.829288, -46.292576, -10.673394), (24.99166, 31.614136, 133.27539)],
        116: [(-28.153582, -44.498856, -11.694317), (25.293957, 33.148113, 132.71472)],
        117: [(-28.158043, -42.196186, -11.829186), (25.554207, 33.171677, 132.07327)],
        118: [(-27.850288, -39.22477, -11.905596), (25.718904, 32.40857, 131.40239)],
        119: [(-27.489906, -36.19899, -12.0080805), (25.811111, 31.003141, 130.89536)],
        120: [(-27.084589, -33.144474, -12.135121), (25.871943, 29.07768, 131.20319)],
        121: [(-26.648724, -30.07049, -12.261934), (25.928951, 26.714407, 131.84622)],
        122: [(-26.222385, -26.98664, -12.337861), (25.996479, 23.96706, 132.50839)],
        123: [(-25.941538, -23.90469, -11.89138), (26.109049, 20.72535, 133.10417)],
        124: [(-25.766157, -23.924248, -11.957709), (26.286938, 20.787025, 133.59375)],
        125: [(-25.880556, -26.328396, -11.845706), (26.688517, 23.288635, 133.9403)],
        126: [(-26.113863, -31.0535, -11.635649), (27.082142, 25.673325, 134.09386)],
        127: [(-26.443256, -36.81864, -11.364759), (27.426357, 27.98594, 134.01456)],
        128: [(-26.859844, -42.216476, -11.062616), (27.717806, 30.254593, 133.72449)],
        129: [(-27.248653, -47.251667, -10.76975), (28.043348, 32.519936, 133.27539)],
    }
    rel skel:animationSource = </HumanFemale_Group/SkelAnim>
    matrix4d xformOp:transform = ( (0.9900292491460403, 0.1400206736157372, -0.015371948360876072, 0), (-0.13884771350003433, 0.9884329923792734, 0.061004360631944365, 0), (0.023736012586539342, -0.05826174147571804, 0.9980191236591549, 0), (-2.3703802510246854, 12.143153650710982, -1.5568557058286105, 1) )
    matrix4d xformOp:transform.timeSamples = {
        101: ( (0.9900292491460403, 0.1400206736157372, -0.015371948360876072, 0), (-0.13884771350003433, 0.9884329923792734, 0.061004360631944365, 0), (0.023736012586539342, -0.05826174147571804, 0.9980191236591549, 0), (-2.3703802510246854, 12.143153650710982, -1.5568557058286105, 1) ),
        102: ( (0.9908486020604454, 0.13393708126585577, -0.016730393175290455, 0), (-0.13264560248416046, 0.9891608582712763, 0.0629757143344456, 0), (0.024983833442071557, -0.06018018542164327, 0.9978748184757968, 0), (-2.549326841727384, 9.255382957316973, -1.8654103262018964, 1) ),
        103: ( (0.9926801297277521, 0.11954104800260268, -0.017207495104365478, 0), (-0.11821120149857478, 0.990900797894767, 0.06435620070632808, 0), (0.024744128306330992, -0.061851002994828264, 0.9977786235149111, 0), (-2.5836556448575685, 6.350180408415087, -1.5456277565688055, 1) ),
        104: ( (0.9948337572307508, 0.10012936342729262, -0.01673039317529046, 0), (-0.09889608670210492, 0.9931030276044694, 0.0629757143344456, 0), (0.022920722302366414, -0.06099579609397665, 0.9978748184757968, 0), (-2.459164830564145, 3.280129227082277, -1.0972362769076867, 1) ),
        105: ( (0.9968758059475391, 0.07747471022029329, -0.015371948359765852, 0), (-0.07640447038159691, 0.9952089352943669, 0.06100436063194435, 0), (0.02002459552397084, -0.059639285597823374, 0.9980191236580447, 0), (-2.211207967362345, 0.17761031224795865, -0.6524002628304404, 1) ),
        106: ( (0.9985219273800359, 0.0527099213210036, -0.013252348293746328, 0), (-0.05184344733510926, 0.9969166899859161, 0.05890135991365453, 0), (0.0163161732413819, -0.0581272520072673, 0.9981758387503368, 0), (-1.863159994683799, -2.9344968606466306, -0.24750089615642423, 1) ),
        107: ( (0.9995893431335998, 0.02666051473809716, -0.010505334311627921, 0), (-0.0260228334170165, 0.9980483643357019, 0.056765082406956546, 0), (0.01199821804354073, -0.05646839286832516, 0.9983322910586676, 0), (-1.4359280548685434, -6.055392725434445, 0.0903830522714344, 1) ),
        108: ( (0.9999735261723153, 0, -0.0072764658365365165, 0), (0.00039775097770977647, 0.9985048791172344, 0.05466121281938462, 0), (0.007265586640103905, -0.05466265994513719, 0.9984784448641149, 0), (-0.9508776211964173, -9.184950084099933, 0.32973270685342015, 1) ),
        109: ( (0.9996375863591256, -0.02666180145993735, -0.0037207903608171833, 0), (0.02682092616057563, 0.9982507562433796, 0.05268838178085211, 0), (0.0023095146173268684, -0.0527690818330484, 0.9986040707632424, 0), (-0.4298415050255202, -12.319284264672735, 0.42251291103654864, 1) ),
        110: ( (0.9986096215060245, -0.05271455052024975, 0, 0), (0.05264512274019694, 0.9972944013192373, 0.05130660932051167, 0), (-0.0027046048486911722, -0.051235273712535445, 0.998682948608054, 0), (0.10659904513439201, -15.429302669322094, 0.3208488558324518, 1) ),
        111: ( (0.9969867047487924, -0.07748332901513777, 0.0037207903608171833, 0), (0.07718078457896738, 0.9956239555819479, 0.05268838178085211, 0), (-0.007786979236978906, -0.05224244262080901, 0.9986040707629649, 0), (0.6491725051896134, -18.373169001851508, 0.07807485214787846, 1) ),
        112: ( (0.9949466757164238, -0.10014072859831913, 0.0072764658365365165, 0), (0.099597901828119, 0.9935252436577002, 0.05466121281938463, 0), (-0.012703166170080493, -0.053660271248645586, 0.9984784448641149, 0), (1.1728851341824305, -21.28977113043223, -0.2615984022666993, 1) ),
        113: ( (0.9927723408864606, -0.11955215232006819, 0.010505334311350365, 0), (0.11877385618364042, 0.9912973804659939, 0.05676508240681776, 0), (-0.017200298161323953, -0.05510704468747462, 0.9983322910589452, 0), (1.6521535793100337, -24.204321394504223, -0.6671856000668157, 1) ),
        114: ( (0.9909002786789853, -0.13394406661149102, 0.01325234829430144, 0), (0.13294960199861094, 0.9893710290498348, 0.05890135991393208, 0), (-0.021000977143970086, -0.05660347952129995, 0.9981758387511694, 0), (2.0610709264329827, -27.116039331357204, -1.1114487666882766, 1) ),
        115: ( (0.9900292491460403, -0.14002067363350076, 0.015371948360876072, 0), (0.13884771350003433, 0.9884329923792734, 0.061004360631944365, 0), (-0.023736012586539342, -0.05826174145795447, 0.9980191236591549, 0), (2.37038025102469, -30.01853546309608, -1.5568557058286105, 1) ),
        116: ( (0.9908486020604454, -0.13393708123032863, 0.016730393175290455, 0), (0.13264560248416044, 0.9891608582535125, 0.06297571433444558, 0), (-0.024983833442071557, -0.06018018545717041, 0.9978748184757968, 0), (2.5489108100430222, -32.9063061564903, -1.8654103262018964, 1) ),
        117: ( (0.9926801297277521, -0.1195410479937209, 0.017207495104365478, 0), (0.11821120149857478, 0.9909007979302942, 0.06435620070632808, 0), (-0.024744128306330992, -0.06185100296818291, 0.9977786235149111, 0), (2.5836556448575725, -35.81150870539197, -1.5456277565688055, 1) ),
        118: ( (0.9948337572307508, -0.10012936343173351, 0.01673039317529046, 0), (0.09889608670210492, 0.993103027582265, 0.0629757143344456, 0), (-0.022920722302366414, -0.06099579607621308, 0.9978748184757968, 0), (2.4592886448709166, -38.881559886724766, -1.0972362769076867, 1) ),
        119: ( (0.9968758059475391, -0.07747471023833441, 0.015371948359765852, 0), (0.07640447038159691, 0.9952089352793789, 0.06100436063194435, 0), (-0.02002459552397084, -0.05963928558117003, 0.9980191236580447, 0), (2.2116643354663807, -41.9840788015591, -0.6524002628304404, 1) ),
        120: ( (0.9985219273800359, -0.052709921334326275, 0.013252348293746328, 0), (0.05184344733510926, 0.9969166899992388, 0.05890135991365453, 0), (-0.0163161732413819, -0.058127251989503734, 0.9981758387503368, 0), (1.864095098058506, -45.09618597445369, -0.24750089615642423, 1) ),
        121: ( (0.9995893431336, -0.026660514720333595, 0.010505334311627923, 0), (0.0260228334170165, 0.9980483643090565, 0.056765082406956546, 0), (-0.011998218043540732, -0.056468392841679815, 0.9983322910586678, 0), (1.437420524433487, -48.21708183924151, 0.0903830522714344, 1) ),
        122: ( (0.9999735261723153, 0, 0.0072764658365365165, 0), (-0.00039775097770977647, 0.998504879134998, 0.05466121281938462, 0), (-0.007265586640103905, -0.05466265996290076, 0.9984784448641149, 0), (0.9529345615335085, -51.346639197906995, 0.32973270685342015, 1) ),
        123: ( (0.9996375863591256, 0.026661801442173783, 0.0037207903608171833, 0), (-0.02682092616057563, 0.998250756225616, 0.05268838178085211, 0), (-0.0023095146173268684, -0.0527690818330484, 0.9986040707632424, 0), (0.4323957685769348, -54.48097337847979, 0.42251291103654864, 1) ),
        124: ( (0.9986096215060245, 0.05271455052024975, 0, 0), (-0.05264512274019694, 0.9972944013014737, 0.05130660932051167, 0), (0.0027046048486911722, -0.051235273730299014, 0.998682948608054, 0), (-0.10369015234859591, -57.59099178312915, 0.3214577455835581, 1) ),
        125: ( (0.9969867047487924, 0.07748332897961063, -0.0037207903608171833, 0), (-0.07718078457896738, 0.9956239555464208, 0.05268838178085211, 0), (0.007786979236978908, -0.052242442620809015, 0.9986040707629651, 0), (-0.6461269764895925, -60.53485811565874, 0.07997848869372604, 1) ),
        126: ( (0.9949466757164238, 0.10014072863384627, -0.0072764658365365165, 0), (-0.099597901828119, 0.9935252436577002, 0.05466121281938463, 0), (0.012703166170080493, -0.053660271248645586, 0.9984784448641149, 0), (-1.169994449215301, -63.451460244231995, -0.2583370926949584, 1) ),
        127: ( (0.9927723408864606, 0.11955215228454105, -0.010505334311350365, 0), (-0.11877385618364042, 0.9912973804659939, 0.05676508240681776, 0), (0.017200298161323957, -0.05510704468747463, 0.9983322910589454, 0), (-1.64977939045872, -66.36601050830897, -0.6630961438883816, 1) ),
        128: ( (0.9909002786789853, 0.13394406664701816, -0.01325234829430144, 0), (-0.13294960199861094, 0.9893710290498348, 0.05890135991393208, 0), (0.021000977143970086, -0.05660347952129995, 0.9981758387511694, 0), (-2.0596403946288553, -69.27772844516426, -1.1078802561959975, 1) ),
        129: ( (0.9900292491460403, 0.14002067359797363, -0.015371948360876072, 0), (-0.13884771350003433, 0.9884329924148005, 0.061004360631944365, 0), (0.023736012586539342, -0.05826174145795447, 0.9980191236591549, 0), (-2.3703802510246854, -72.18022457690314, -1.5568557058286105, 1) ),
    }
    uniform token[] xformOpOrder = ["xformOp:transform"]

    def SkelAnimation "SkelAnim"
    {
        uniform token[] blendShapes = ["HumanFemale:Anim:Face:Ears:LEar:EarLength", "HumanFemale:Anim:Face:Mouth:Lips:LoLip:LPinch", "HumanFemale:Anim:Face:Mouth:Lips:UpLip:MidSquetch", "HumanFemale:Anim:Face:Eyes:REye:IrisSquetch", "HumanFemale:Anim:Face:Mouth:Lips:UpLip:Pull", "HumanFemale:Anim:Face:Mouth:Teeth:LowerTeeth:LTeethBow", "HumanFemale:Anim:Face:Eyes:REye:Lids:TLidCreaseInnUD", "HumanFemale:Anim:Face:Eyes:REye:PupilSquamount", "HumanFemale:Anim:Face:Eyes:EyeTracker:TrackerTy", "HumanFemale:Anim:Face:Mouth:RMouthUD", "HumanFemale:Anim:Face:Eyes:EyeTracker:TrackerTz", "HumanFemale:Anim:Face:Ears:LEar:EarSquamount", "HumanFemale:Anim:Face:Mouth:RCornerThick", "HumanFemale:Anim:Face:Mouth:Lips:LoLip:MidPuff", "HumanFemale:Anim:Face:Mouth:JAWUD", "HumanFemale:Anim:Face:Eyes:LEye:Lids:InnCornerUD", "HumanFemale:Anim:Face:Ears:REar:EarWidth", "HumanFemale:Anim:Face:Eyes:LEye:PupilSquetch", "HumanFemale:Anim:Face:Ears:REar:EarBendLR", "HumanFemale:Anim:Face:Eyes:LEye:Lids:OutCornerUD", "HumanFemale:Anim:Face:Mouth:Lips:UpLip:LThick", "HumanFemale:Anim:Face:Mouth:Teeth:LowerTeeth:GumsWidth", "HumanFemale:Anim:Face:Mouth:Lips:UpLip:LSneer", "HumanFemale:Anim:Face:LFaceSkew", "HumanFemale:Anim:Face:Eyes:REye:Lids:Squint", "HumanFemale:Anim:Face:Mouth:Lips:LoLip:ThickIn", "HumanFemale:Anim:Face:Ears:LEar:EarWidth", "HumanFemale:Anim:Face:Eyes:REye:IrisSkew", "HumanFemale:Anim:Face:Mouth:Lips:LoLip:RUD", "HumanFemale:Anim:Face:Nose:LPull", "HumanFemale:Anim:Face:Eyes:EyeTracker:AlignCompLR", "HumanFemale:Anim:Face:Mouth:Lips:LoLip:Pull", "HumanFemale:Anim:Face:Mouth:Teeth:LowerTeeth:TeethWidth", "HumanFemale:Anim:Face:Mouth:Lips:LoLip:RThickOut", "HumanFemale:Anim:Face:Mouth:Lips:UpLip:RThickOut", "HumanFemale:Anim:Face:Mouth:Teeth:UpperTeeth:TeethRx", "HumanFemale:Anim:Face:Mouth:Teeth:UpperTeeth:TeethRz", "HumanFemale:Anim:Face:LMidFaceSquetch", "HumanFemale:Anim:Face:Ears:LEar:EarBendSw", "HumanFemale:Anim:Face:AutoLSquint", "HumanFemale:Anim:Face:Eyes:LBrow:InnLR", "HumanFemale:Anim:Face:Mouth:JawJut", "HumanFemale:Anim:Face:Eyes:REye:Lids:OutCornerLR", "HumanFemale:Anim:Face:Eyes:REye:IrisWidth", "HumanFemale:Anim:Face:Ears:REar:EarBendFB", "HumanFemale:Anim:Face:Mouth:Lips:LoLip:LThick", "HumanFemale:Anim:Face:Eyes:LEye:PupilLR", "HumanFemale:Anim:Face:Ears:REar:EarHeight", "HumanFemale:Anim:Face:Eyes:REye:Lids:EyeLidLR", "HumanFemale:Anim:Face:Eyes:REye:Lids:SquintOut", "HumanFemale:Anim:Face:Eyes:EyeTracker:AlignCompSw", "HumanFemale:Anim:Face:Eyes:RBrow:InnAngleLR", "HumanFemale:Anim:Face:Mouth:RIn", "HumanFemale:Anim:Face:Mouth:Lips:UpLip:LCurl", "HumanFemale:Anim:Face:Eyes:LEye:Lids:TLidLR", "HumanFemale:Anim:Face:LowerHeadBendFB", "HumanFemale:Anim:Face:Mouth:Lips:UpLip:UD", "HumanFemale:Anim:Face:Mouth:Teeth:UpperTeeth:TeethLength", "HumanFemale:Anim:Face:Ears:REar:LowerEarBend", "HumanFemale:Anim:Face:Eyes:LBrow:InnBowLR", "HumanFemale:Anim:Face:Eyes:LEye:Lids:EyeLidLR", "HumanFemale:Anim:Face:Cheeks:LCheek:PuffUD", "HumanFemale:Anim:Face:Eyes:EyeTracker:EyeCross", "HumanFemale:Anim:Face:Eyes:LEye:Lids:TLidCreaseMidUD", "HumanFemale:Anim:Face:AutoLEar", "HumanFemale:Anim:Face:Eyes:REye:Squeeze", "HumanFemale:Anim:Face:Eyes:EyeTracker:TrackerTx", "HumanFemale:Anim:Face:Mouth:Teeth:LowerTeeth:TeethBendLR", "HumanFemale:Anim:Face:Eyes:RBrow:InnBowUD", "HumanFemale:Anim:Face:Eyes:EyeTracker:EyesUD", "HumanFemale:Anim:Face:Cheeks:LCheek:CheekTy", "HumanFemale:Anim:Face:Cheeks:LCheek:CheekTx", "HumanFemale:Anim:Face:Mouth:Lips:UpLip:LR", "HumanFemale:Anim:Face:Cheeks:LCheek:CheekTz", "HumanFemale:Anim:Face:Nose:RFlare", "HumanFemale:Anim:Face:Eyes:LEye:Lids:SquintMid", "HumanFemale:Anim:Face:Eyes:LEye:Lids:BLidMidUD", "HumanFemale:Anim:Face:Mouth:Lips:LoLip:LSneer", "HumanFemale:Anim:Face:Mouth:Lips:UpLip:RPinch", "HumanFemale:Anim:Face:Ears:REar:EarBendTw", "HumanFemale:Anim:Face:Cheeks:RCheek:CheekTz", "HumanFemale:Anim:Face:Cheeks:RCheek:CheekTy", "HumanFemale:Anim:Face:UpperHeadBendLen", "HumanFemale:Anim:Face:Mouth:Lips:LoLip:RThickIn", "HumanFemale:Anim:Face:Mouth:Teeth:LowerTeeth:TeethRx", "HumanFemale:Anim:Face:Mouth:Lips:UpLip:CenterCurl", "HumanFemale:Anim:Face:Mouth:Teeth:LowerTeeth:TeethRz", "HumanFemale:Anim:Face:Mouth:Teeth:UpperTeeth:RTeethBow", "HumanFemale:Anim:Face:Cheeks:RCheek:PuffFB", "HumanFemale:Anim:Face:Eyes:LEye:Lids:BLidInnUD", "HumanFemale:Anim:Face:Ears:REar:EarCup", "HumanFemale:Anim:Face:Eyes:REye:UD", "HumanFemale:Anim:Face:Eyes:REye:Lids:BLidUD", "HumanFemale:Anim:Face:Ears:REar:EarTz", "HumanFemale:Anim:Face:Ears:REar:EarTy", "HumanFemale:Anim:Face:Ears:REar:EarTx", "HumanFemale:Anim:Face:Ears:REar:EarTw", "HumanFemale:Anim:Face:Mouth:Lips:LoLip:LSneerLR", "HumanFemale:Anim:Face:Mouth:Lips:LoLip:RCurl", "HumanFemale:Anim:Face:Ears:REar:EarBendSw", "HumanFemale:Anim:Face:Mouth:Lips:UpLip:RPull", "HumanFemale:Anim:Face:Mouth:Lips:UpLip:RSneer", "HumanFemale:Anim:Face:Mouth:Lips:UpLip:MidPuff", "HumanFemale:Anim:Face:LowerHeadBendTw", "HumanFemale:Anim:Face:Eyes:REye:Lids:EyeLidSw", "HumanFemale:Anim:Face:Cheeks:LCheek:PuffHeight", "HumanFemale:Anim:Face:Mouth:Lips:LoLip:LSquetch", "HumanFemale:Anim:Face:Mouth:Uvula:UvulaTipLR", "HumanFemale:Anim:Face:Mouth:Lips:LoLip:Puff", "HumanFemale:Anim:Face:Mouth:Uvula:UvulaBaseFB", "HumanFemale:Anim:Face:AutoLLidsBrow", "HumanFemale:Anim:Face:Mouth:Lips:UpLip:RThick", "HumanFemale:Anim:Face:Mouth:Lips:LoLip:LPull", "HumanFemale:Anim:Face:Eyes:LEye:EyeSquetch", "HumanFemale:Anim:Face:Mouth:Lips:UpLip:Puff", "HumanFemale:Anim:Face:Eyes:LEye:Lids:TLidCreaseInnUD", "HumanFemale:Anim:Face:Eyes:REye:Lids:BLidInnLR", "HumanFemale:Anim:Face:Eyes:LEye:EyeTz", "HumanFemale:Anim:Face:Eyes:LEye:EyeTx", "HumanFemale:Anim:Face:Eyes:LEye:EyeTy", "HumanFemale:Anim:Face:Mouth:Lips:LoLip:RThick", "HumanFemale:Anim:Face:Nose:NoseUD", "HumanFemale:Anim:Face:Mouth:Tongue:TipUD", "HumanFemale:Anim:Face:Eyes:REye:Lids:TLidCreaseMidUD", "HumanFemale:Anim:Face:Eyes:EyeTracker:AlignCompFB", "HumanFemale:Anim:Face:Ears:REar:EarFB", "HumanFemale:Anim:Face:Mouth:Tongue:TongueTy", "HumanFemale:Anim:Face:Mouth:Tongue:TongueTx", "HumanFemale:Anim:Face:Mouth:Tongue:TongueTz", "HumanFemale:Anim:Face:Cheeks:RCheek:PuffOffset", "HumanFemale:Anim:Face:Mouth:Tongue:TongueTw", "HumanFemale:Anim:Face:Mouth:Teeth:UpperTeeth:TeethBendFB", "HumanFemale:Anim:Face:Eyes:LBrow:TenseLR", "HumanFemale:Anim:Face:Mouth:Teeth:UpperTeeth:GumsWidth", "HumanFemale:Anim:Face:Mouth:ChinBulge", "HumanFemale:Anim:Face:Eyes:LBrow:TenseUD", "HumanFemale:Anim:Face:Nose:NoseBendTw", "HumanFemale:Anim:Face:Mouth:ChinTz", "HumanFemale:Anim:Face:Mouth:ChinTy", "HumanFemale:Anim:Face:Mouth:ChinTx", "HumanFemale:Anim:Face:Mouth:ChinTw", "HumanFemale:Anim:Face:Mouth:LMouthUD", "HumanFemale:Anim:Face:Mouth:Lips:UpLip:MidThickOut", "HumanFemale:Anim:Face:Eyes:REye:Lids:TLidDepth", "HumanFemale:Anim:Face:Eyes:LEye:Tw", "HumanFemale:Anim:Face:Eyes:LEye:Lids:EyeLidSw", "HumanFemale:Anim:Face:Eyes:REye:Lids:BLidMidUD", "HumanFemale:Anim:Face:Nose:NoseWidth", "HumanFemale:Anim:Face:Eyes:EyeTracker:AlignCompTw", "HumanFemale:Anim:Face:Eyes:RBrow:OutUD", "HumanFemale:Anim:Face:MidFaceSquetch", "HumanFemale:Anim:Face:Eyes:LEye:EyeShearLR", "HumanFemale:Anim:Face:Mouth:Tongue:TipLR", "HumanFemale:Anim:Face:Eyes:RBrow:InnLR", "HumanFemale:Anim:Face:Mouth:Lips:UpLip:CenterPull", "HumanFemale:Anim:Face:Mouth:Teeth:UpperTeeth:TeethRspin", "HumanFemale:Anim:Face:LowerFaceSkewFB", "HumanFemale:Anim:Face:Mouth:Tongue:Squetch", "HumanFemale:Anim:Face:Mouth:Lips:LoLip:MidSquetch", "HumanFemale:Anim:Face:Eyes:RBrow:OutBowLR", "HumanFemale:Anim:Face:Cheeks:RCheek:PuffRad", "HumanFemale:Anim:Face:MidFaceSquamount", "HumanFemale:Anim:Face:Eyes:LBrow:UD", "HumanFemale:Anim:Face:Eyes:LBrow:InnAngleLR", "HumanFemale:Anim:Face:Eyes:LEye:Lids:TLidMidUD", "HumanFemale:Anim:Face:Mouth:Teeth:UpperTeeth:TeethWidth", "HumanFemale:Anim:Face:Ears:LEar:EarSlideLR", "HumanFemale:Anim:Face:Mouth:Lips:UpLip:Curl", "HumanFemale:Anim:Face:Eyes:LEye:Lids:TLidCreaseOutUD", "HumanFemale:Anim:Face:Eyes:REye:Lids:TLidInnUD", "HumanFemale:Anim:Face:Eyes:REye:Lids:TLidCreaseUD", "HumanFemale:Anim:Face:Mouth:Tongue:MidLR", "HumanFemale:Anim:Face:Eyes:LBrow:OutBowUD", "HumanFemale:Anim:Face:Eyes:LEye:Lids:TLidDepth", "HumanFemale:Anim:Face:Eyes:RBrow:MidFB", "HumanFemale:Anim:Face:Mouth:Teeth:LowerTeeth:TeethBendFB", "HumanFemale:Anim:Face:Ears:LEar:EarHeight", "HumanFemale:Anim:Face:Mouth:Uvula:UvulaWidth", "HumanFemale:Anim:Face:Eyes:REye:Lids:BLidDepth", "HumanFemale:Anim:Face:Eyes:LEye:PupilSize", "HumanFemale:Anim:Face:Mouth:Tongue:Extend", "HumanFemale:Anim:Face:Eyes:REye:IrisSquamount", "HumanFemale:Anim:Face:Nose:LSneer", "HumanFemale:Anim:Face:Ears:LEar:EarSw", "HumanFemale:Anim:Face:Eyes:REye:Lids:TLidMidUD", "HumanFemale:Anim:Face:Mouth:Teeth:LowerTeeth:TeethRspin", "HumanFemale:Anim:Face:Mouth:Tongue:MidLoc", "HumanFemale:Anim:Face:Mouth:Lips:UpLip:RSquetch", "HumanFemale:Anim:Face:Ears:LEar:EarLobeSw", "HumanFemale:Anim:Face:Mouth:Lips:LoLip:Thick", "HumanFemale:Anim:Face:Eyes:EyeTracker:EyesSep", "HumanFemale:Anim:Face:Eyes:REye:PupilLR", "HumanFemale:Anim:Face:Eyes:LEye:IrisHeight", "HumanFemale:Anim:Face:Eyes:LEye:Lids:BLidOutUD", "HumanFemale:Anim:Face:Mouth:Lips:LoLip:MidFan", "HumanFemale:Anim:Face:Eyes:REye:Lids:TLidMidLR", "HumanFemale:Anim:Face:Mouth:RCornerThickIn", "HumanFemale:Anim:Face:Eyes:LEye:Lids:BLidInnLR", "HumanFemale:Anim:Face:Cheeks:LCheek:PuffWidth", "HumanFemale:Anim:Face:Mouth:JawUD", "HumanFemale:Anim:Face:Mouth:Teeth:UpperTeeth:LTeethBow", "HumanFemale:Anim:Face:Mouth:Lips:LoLip:LPinchLR", "HumanFemale:Anim:Face:Mouth:Lips:LoLip:CenterUD", "HumanFemale:Anim:Face:Mouth:Teeth:LowerTeeth:TeethBendRad", "HumanFemale:Anim:Face:Mouth:Teeth:LowerTeeth:TeethBow", "HumanFemale:Anim:Face:Mouth:MouthTw", "HumanFemale:Anim:Face:Mouth:ChinSw", "HumanFemale:Anim:Face:Nose:NoseBendSw", "HumanFemale:Anim:Face:Eyes:RBrow:UD", "HumanFemale:Anim:Face:Mouth:Tongue:MidSw", "HumanFemale:Anim:Face:Eyes:LEye:IrisSquetch", "HumanFemale:Anim:Face:Mouth:Uvula:UvulaTz", "HumanFemale:Anim:Face:Mouth:Uvula:UvulaTy", "HumanFemale:Anim:Face:Mouth:Uvula:UvulaTx", "HumanFemale:Anim:Face:AutoREar", "HumanFemale:Anim:Face:Mouth:Teeth:UpperTeeth:GumsUD", "HumanFemale:Anim:Face:Mouth:Lips:UpLip:MidLR", "HumanFemale:Anim:Face:Eyes:LBrow:InnFB", "HumanFemale:Anim:Face:Mouth:Teeth:UpperTeeth:TeethRy", "HumanFemale:Anim:Face:Mouth:Lips:LoLip:UD", "HumanFemale:Anim:Face:Eyes:RBrow:InnFB", "HumanFemale:Anim:Face:Eyes:LEye:Lids:SquintIn", "HumanFemale:Anim:Face:Eyes:LBrow:OutBowLR", "HumanFemale:Anim:Face:Eyes:REye:PupilUD", "HumanFemale:Anim:Face:Ears:LEar:LowerEarBend", "HumanFemale:Anim:Face:Eyes:REye:Lids:TLidOutUD", "HumanFemale:Anim:Face:UpperHeadBendTipLR", "HumanFemale:Anim:Face:Mouth:Teeth:LowerTeeth:GumsFB", "HumanFemale:Anim:Face:Mouth:Lips:UpLip:LPinchLR", "HumanFemale:Anim:Face:Mouth:Lips:LoLip:Squetch", "HumanFemale:Anim:Face:Ears:REar:EarLength", "HumanFemale:Anim:Face:Mouth:Lips:UpLip:CenterUD", "HumanFemale:Anim:Face:Mouth:Teeth:UpperTeeth:TeethDepth", "HumanFemale:Anim:Face:Nose:NoseBendLR", "HumanFemale:Anim:Face:Mouth:Lips:LoLip:ThickOut", "HumanFemale:Anim:Face:Mouth:Lips:LoLip:MidUD", "HumanFemale:Anim:Face:Nose:NoseBendRad", "HumanFemale:Anim:Face:Eyes:REye:Lids:InnCornerUD", "HumanFemale:Anim:Face:Ears:LEar:EarLR", "HumanFemale:Anim:Face:Eyes:REye:EyeSquamount", "HumanFemale:Anim:Face:Eyes:LEye:PupilHeight", "HumanFemale:Anim:Face:Eyes:REye:PupilSquetch", "HumanFemale:Anim:Face:Ears:LEar:EarFB", "HumanFemale:Anim:Face:Mouth:Teeth:UpperTeeth:GumsLR", "HumanFemale:Anim:Face:Cheeks:LCheek:PuffFB", "HumanFemale:Anim:Face:Ears:LEar:UpperEarBend", "HumanFemale:Anim:Face:Eyes:EyeTracker:EyesLR", "HumanFemale:Anim:Face:Mouth:Tongue:TipTw", "HumanFemale:Anim:Face:Mouth:Teeth:LowerTeeth:TeethTz", "HumanFemale:Anim:Face:Mouth:Teeth:LowerTeeth:TeethTx", "HumanFemale:Anim:Face:Mouth:Teeth:LowerTeeth:TeethTy", "HumanFemale:Anim:Face:AutoRSquint", "HumanFemale:Anim:Face:Nose:NoseHeight", "HumanFemale:Anim:Face:MidFaceSkew", "HumanFemale:Anim:Face:Eyes:LBrow:MidUD", "HumanFemale:Anim:Face:Mouth:LipSquamount", "HumanFemale:Anim:Face:Mouth:Lips:UpLip:MidPull", "HumanFemale:Anim:Face:Nose:RSneer", "HumanFemale:Anim:Face:Mouth:Tongue:TongueLR", "HumanFemale:Anim:Face:Cheeks:RCheek:CheekTx", "HumanFemale:Anim:Face:Mouth:MouthFB", "HumanFemale:Anim:Face:Ears:LEar:EarTw", "HumanFemale:Anim:Face:Nose:NoseSquamount", "HumanFemale:Anim:Face:Mouth:Teeth:UpperTeeth:TeethTz", "HumanFemale:Anim:Face:Mouth:Teeth:UpperTeeth:TeethTy", "HumanFemale:Anim:Face:Mouth:Teeth:UpperTeeth:TeethTx", "HumanFemale:Anim:Face:Ears:LEar:EarTy", "HumanFemale:Anim:Face:Ears:LEar:EarTx", "HumanFemale:Anim:Face:Eyes:REye:Lids:TLidOutLR", "HumanFemale:Anim:Face:Ears:LEar:EarTz", "HumanFemale:Anim:Face:Mouth:Tongue:TongueWidth", "HumanFemale:Anim:Face:Nose:NoseTy", "HumanFemale:Anim:Face:Mouth:Lips:UpLip:RLR", "HumanFemale:Anim:Face:Eyes:REye:Lids:TLidCreaseOutUD", "HumanFemale:Anim:Face:Eyes:REye:Lids:TLidLR", "HumanFemale:Anim:Face:Mouth:Teeth:LowerTeeth:RTeethBow", "HumanFemale:Anim:Face:Mouth:Lips:LoLip:MidThick", "HumanFemale:Anim:Face:Eyes:LBrow:MidLR", "HumanFemale:Anim:Face:Eyes:REye:IrisSquetchAngle", "HumanFemale:Anim:Face:Mouth:Lips:LoLip:LPuff", "HumanFemale:Anim:Face:Eyes:LEye:Lids:TLidCreaseUD", "HumanFemale:Anim:Face:Mouth:Lips:LoLip:CenterCurl", "HumanFemale:Anim:Face:Mouth:Tongue:TongueUD", "HumanFemale:Anim:Face:AutoRLidsEyeUD", "HumanFemale:Anim:Face:Eyes:LEye:EyeSize", "HumanFemale:Anim:Face:Eyes:LEye:Lids:OutCornerLR", "HumanFemale:Anim:Face:Eyes:LEye:Lids:InnCornerLR", "HumanFemale:Anim:Face:Eyes:REye:Lids:TLidUD", "HumanFemale:Anim:Face:Ears:REar:EarSquetch", "HumanFemale:Anim:Face:Ears:REar:EarLobeLR", "HumanFemale:Anim:Face:Ears:LEar:EarLobeLR", "HumanFemale:Anim:Face:Mouth:Lips:LoLip:LCurl", "HumanFemale:Anim:Face:Eyes:RBrow:TenseLR", "HumanFemale:Anim:Face:Mouth:Tongue:MidTw", "HumanFemale:Anim:Face:Mouth:Lips:LoLip:RLR", "HumanFemale:Anim:Face:Mouth:Lips:UpLip:RPinchLR", "HumanFemale:Anim:Face:Eyes:LEye:UD", "HumanFemale:Anim:Face:Eyes:RBrow:LR", "HumanFemale:Anim:Face:Eyes:LEye:IrisSize", "HumanFemale:Anim:Face:Eyes:LEye:PupilSquamount", "HumanFemale:Anim:Face:AutoRLidsEyeLR", "HumanFemale:Anim:Face:Eyes:LEye:Lids:EyeLidUD", "HumanFemale:Anim:Face:Eyes:REye:Tw", "HumanFemale:Anim:Face:Eyes:LEye:IrisSquetchAngle", "HumanFemale:Anim:Face:Eyes:REye:PupilWidth", "HumanFemale:Anim:Face:Ears:LEar:EarCup", "HumanFemale:Anim:Face:Eyes:REye:EyeShearLR", "HumanFemale:Anim:Face:Eyes:RBrow:TenseUD", "HumanFemale:Anim:Face:Eyes:REye:EyeTx", "HumanFemale:Anim:Face:Mouth:Lips:UpLip:RThickIn", "HumanFemale:Anim:Face:Mouth:Lips:LoLip:RSneer", "HumanFemale:Anim:Face:Ears:LEar:EarSquetch", "HumanFemale:Anim:Face:Eyes:REye:EyeTy", "HumanFemale:Anim:Face:Mouth:Lips:UpLip:MidCurl", "HumanFemale:Anim:Face:Mouth:Lips:LoLip:CenterPull", "HumanFemale:Anim:Face:Eyes:REye:Lids:OutCornerUD", "HumanFemale:Anim:Face:RMidFaceSquetch", "HumanFemale:Anim:Face:Mouth:Lips:UpLip:ThickOut", "HumanFemale:Anim:Face:Mouth:LipSquetch", "HumanFemale:Anim:Face:Mouth:Lips:UpLip:Thick", "HumanFemale:Anim:Face:Mouth:Teeth:LowerTeeth:TeethLength", "HumanFemale:Anim:Face:UpperHeadBendTipFB", "HumanFemale:Anim:Face:Mouth:Lips:LoLip:LThickIn", "HumanFemale:Anim:Face:Mouth:Lips:UpLip:LUD", "HumanFemale:Anim:Face:Ears:REar:EarSlideLR", "HumanFemale:Anim:Face:Mouth:Lips:LoLip:MidThickIn", "HumanFemale:Anim:Face:Eyes:LEye:Lids:BLidUD", "HumanFemale:Anim:Face:Eyes:RBrow:OutFB", "HumanFemale:Anim:Face:Mouth:Lips:UpLip:LPull", "HumanFemale:Anim:Face:Eyes:LEye:Lids:BLidDepth", "HumanFemale:Anim:Face:AutoLCheek", "HumanFemale:Anim:Face:Eyes:REye:Lids:EyeLidUD", "HumanFemale:Anim:Face:AutoNose", "HumanFemale:Anim:Face:Nose:RPull", "HumanFemale:Anim:Face:Mouth:LipPull", "HumanFemale:Anim:Face:Eyes:LEye:Lids:TLidUD", "HumanFemale:Anim:Face:Mouth:Lips:UpLip:MidWidth", "HumanFemale:Anim:Face:Mouth:Tongue:Squamount", "HumanFemale:Anim:Face:Mouth:JawTx", "HumanFemale:Anim:Face:Mouth:Uvula:UvulaThick", "HumanFemale:Anim:Face:Mouth:Tongue:TipSw", "HumanFemale:Anim:Face:Mouth:Lips:LoLip:Curl", "HumanFemale:Anim:Face:Mouth:Lips:UpLip:LLR", "HumanFemale:Anim:Face:Mouth:JawTw", "HumanFemale:Anim:Face:Mouth:ChinBulgeRadius", "HumanFemale:Anim:Face:Mouth:Lips:UpLip:LSneerLR", "HumanFemale:Anim:Face:Mouth:Lips:UpLip:LSquetch", "HumanFemale:Anim:Face:Mouth:Lips:LoLip:MidThickOut", "HumanFemale:Anim:Face:Eyes:LBrow:InnBowUD", "HumanFemale:Anim:Face:Eyes:LEye:Lids:TLidInnUD", "HumanFemale:Anim:Face:Mouth:Lips:LoLip:LUD", "HumanFemale:Anim:Face:Eyes:LBrow:OutUD", "HumanFemale:Anim:Face:Eyes:LEye:Lids:BLidMidLR", "HumanFemale:Anim:Face:Mouth:Tongue:TipLoc", "HumanFemale:Anim:Face:AutoRLidsBrow", "HumanFemale:Anim:Face:Eyes:REye:Lids:BLidLR", "HumanFemale:Anim:Face:Mouth:Lips:LoLip:RPull", "HumanFemale:Anim:Face:Eyes:LBrow:OutLR", "HumanFemale:Anim:Face:Mouth:MouthLR", "HumanFemale:Anim:Face:Eyes:LEye:Lids:TLidInnLR", "HumanFemale:Anim:Face:Eyes:LBrow:InnUD", "HumanFemale:Anim:Face:Eyes:REye:EyeSquetch", "HumanFemale:Anim:Face:Eyes:LEye:Lids:Squint", "HumanFemale:Anim:Face:Ears:LEar:EarBendLR", "HumanFemale:Anim:Face:Eyes:REye:Lids:InnCornerLR", "HumanFemale:Anim:Face:Mouth:LipCurl", "HumanFemale:Anim:Face:Mouth:MouthUD", "HumanFemale:Anim:Face:Mouth:Uvula:UvulaLength", "HumanFemale:Anim:Face:Mouth:Teeth:UpperTeeth:GumsFB", "HumanFemale:Anim:Face:Mouth:Teeth:UpperTeeth:TeethCollision", "HumanFemale:Anim:Face:Mouth:Lips:UpLip:LPinch", "HumanFemale:Anim:Face:Eyes:LEye:IrisWidth", "HumanFemale:Anim:Face:MidFaceSkewFB", "HumanFemale:Anim:Face:Mouth:Lips:LoLip:RPinchLR", "HumanFemale:Anim:Face:Mouth:Uvula:UvulaSquamount", "HumanFemale:Anim:Face:FaceSquamount", "HumanFemale:Anim:Face:Eyes:REye:PupilSize", "HumanFemale:Anim:Face:Nose:LFlare", "HumanFemale:Anim:Face:Ears:LEar:EarLobeFB", "HumanFemale:Anim:Face:Mouth:Uvula:UvulaBendLR", "HumanFemale:Anim:Face:Eyes:REye:Lids:BLidMidLR", "HumanFemale:Anim:Face:Mouth:Lips:LoLip:LLR", "HumanFemale:Anim:Face:Eyes:RBrow:MidLR", "HumanFemale:Anim:Face:Mouth:Lips:LoLip:MidCurl", "HumanFemale:Anim:Face:Eyes:REye:Lids:BLidInnUD", "HumanFemale:Anim:Face:Mouth:Lips:UpLip:ThickIn", "HumanFemale:Anim:Face:AutoLoLip", "HumanFemale:Anim:Face:LowerHeadBendLen", "HumanFemale:Anim:Face:Eyes:LEye:PupilWidth", "HumanFemale:Anim:Face:Mouth:Lips:UpLip:RCurl", "HumanFemale:Anim:Face:Cheeks:RCheek:PuffWidth", "HumanFemale:Anim:Face:Mouth:Teeth:LowerTeeth:TeethDepth", "HumanFemale:Anim:Face:Mouth:Teeth:LowerTeeth:GumsLR", "HumanFemale:Anim:Face:Eyes:LEye:LR", "HumanFemale:Anim:Face:Mouth:Lips:UpLip:Squetch", "HumanFemale:Anim:Face:UpperHeadBendTipLen", "HumanFemale:Anim:Face:Mouth:Teeth:UpperTeeth:TeethBow", "HumanFemale:Anim:Face:Nose:NoseSw", "HumanFemale:Anim:Face:Eyes:LEye:Lids:TLidMidLR", "HumanFemale:Anim:Face:Mouth:Lips:UpLip:MidThick", "HumanFemale:Anim:Face:Eyes:REye:IrisSize", "HumanFemale:Anim:Face:Eyes:RBrow:InnUD", "HumanFemale:Anim:Face:Eyes:RBrow:OutLR", "HumanFemale:Anim:Face:UpperHeadBendTipTw", "HumanFemale:Anim:Face:Ears:LEar:EarLobeTw", "HumanFemale:Anim:Face:Eyes:LEye:IrisSquamount", "HumanFemale:Anim:Face:Ears:REar:EarLobeTx", "HumanFemale:Anim:Face:Ears:LEar:EarLobeTy", "HumanFemale:Anim:Face:Ears:LEar:EarLobeTx", "HumanFemale:Anim:Face:Ears:LEar:EarLobeTz", "HumanFemale:Anim:Face:AutoRCheek", "HumanFemale:Anim:Face:Eyes:RBrow:InnBowLR", "HumanFemale:Anim:Face:Eyes:RBrow:OutBowUD", "HumanFemale:Anim:Face:Ears:REar:EarLobeTw", "HumanFemale:Anim:Face:UpperHeadBendLR", "HumanFemale:Anim:Face:Ears:REar:EarLobeTz", "HumanFemale:Anim:Face:Ears:REar:EarLobeTy", "HumanFemale:Anim:Face:Mouth:LSide", "HumanFemale:Anim:Face:Mouth:Lips:LoLip:MidWidth", "HumanFemale:Anim:Face:UpperHeadBendFB", "HumanFemale:Anim:Face:Ears:REar:EarLobeSw", "HumanFemale:Anim:Face:Ears:REar:UpperEarBend", "HumanFemale:Anim:Face:Mouth:LipThickOut", "HumanFemale:Anim:Face:Mouth:ChinSquetch", "HumanFemale:Anim:Face:Eyes:LBrow:LR", "HumanFemale:Anim:Face:Mouth:Tongue:TongueCurl", "HumanFemale:Anim:Face:Eyes:REye:LR", "HumanFemale:Anim:Face:Eyes:REye:Lids:SquintMid", "HumanFemale:Anim:Face:Mouth:Teeth:LowerTeeth:GumsUD", "HumanFemale:Anim:Face:Eyes:EyeTracker:EyesTw", "HumanFemale:Anim:Face:Cheeks:RCheek:Puff", "HumanFemale:Anim:Face:Eyes:RBrow:FB", "HumanFemale:Anim:Face:Eyes:LEye:Lids:BLidOutLR", "HumanFemale:Anim:Face:Mouth:Tongue:MidUD", "HumanFemale:Anim:Face:UpperFaceSkew", "HumanFemale:Anim:Face:Mouth:Lips:LoLip:MidPull", "HumanFemale:Anim:Face:Nose:NoseSquetch", "HumanFemale:Anim:Face:Eyes:LBrow:FB", "HumanFemale:Anim:Face:Eyes:LBrow:OutFB", "HumanFemale:Anim:Face:Ears:REar:EarSquamount", "HumanFemale:Anim:Face:Eyes:REye:Lids:BLidOutLR", "HumanFemale:Anim:Face:Eyes:LEye:EyeSquamount", "HumanFemale:Anim:Face:Mouth:Lips:LoLip:LThickOut", "HumanFemale:Anim:Face:Cheeks:RCheek:PuffHeight", "HumanFemale:Anim:Face:Mouth:LIn", "HumanFemale:Anim:Face:AutoLowerHeadBend", "HumanFemale:Anim:Face:LowerFaceSkew", "HumanFemale:Anim:Face:Cheeks:LCheek:PuffOffset", "HumanFemale:Anim:Face:Ears:REar:EarLobeFB", "HumanFemale:Anim:Face:Mouth:Teeth:LowerTeeth:TeethCollision", "HumanFemale:Anim:Face:Mouth:Lips:UpLip:RPuff", "HumanFemale:Anim:Face:Mouth:Teeth:UpperTeeth:TeethBendRad", "HumanFemale:Anim:Face:RFaceSkew", "HumanFemale:Anim:Face:Mouth:Lips:LoLip:RPuff", "HumanFemale:Anim:Face:UpperHeadBendTw", "HumanFemale:Anim:Face:Mouth:Lips:LoLip:RSneerLR", "HumanFemale:Anim:Face:Mouth:Lips:UpLip:RSneerLR", "HumanFemale:Anim:Face:Mouth:Lips:LoLip:RSquetch", "HumanFemale:Anim:Face:Mouth:Lips:UpLip:MidThickIn", "HumanFemale:Anim:Face:Eyes:REye:PupilHeight", "HumanFemale:Anim:Face:Mouth:JawLR", "HumanFemale:Anim:Face:Eyes:LEye:Lids:EyeLidTw", "HumanFemale:Anim:Face:Nose:NoseLength", "HumanFemale:Anim:Face:Mouth:Uvula:UvulaBendFB", "HumanFemale:Anim:Face:Mouth:Uvula:UvulaBaseLR", "HumanFemale:Anim:Face:Eyes:LBrow:MidFB", "HumanFemale:Anim:Face:Mouth:LCornerThick", "HumanFemale:Anim:Face:Eyes:LEye:Lids:TLidOutLR", "HumanFemale:Anim:Face:Ears:REar:EarSw", "HumanFemale:Anim:Face:Eyes:LEye:Lids:SquintOut", "HumanFemale:Anim:Face:Eyes:REye:Lids:BLidOutUD", "HumanFemale:Anim:Face:Mouth:Tongue:TipRad", "HumanFemale:Anim:Face:Cheeks:LCheek:Puff", "HumanFemale:Anim:Face:Mouth:Uvula:UvulaTipFB", "HumanFemale:Anim:Face:Eyes:LEye:Lids:BLidLR", "HumanFemale:Anim:Face:AutoLLidsEyeUD", "HumanFemale:Anim:Face:Eyes:REye:Lids:EyeLidTw", "HumanFemale:Anim:Face:Cheeks:LCheek:PuffRad", "HumanFemale:Anim:Face:Eyes:LEye:Squeeze", "HumanFemale:Anim:Face:AutoLLidsMouth", "HumanFemale:Anim:Face:Mouth:Lips:UpLip:MidUD", "HumanFemale:Anim:Face:Mouth:Lips:LoLip:RPinch", "HumanFemale:Anim:Face:Ears:REar:EarSlideFB", "HumanFemale:Anim:Face:Nose:NoseTw", "HumanFemale:Anim:Face:AutoRLidsMouth", "HumanFemale:Anim:Face:FaceSquetch", "HumanFemale:Anim:Face:Nose:NoseTx", "HumanFemale:Anim:Face:Nose:NoseTz", "HumanFemale:Anim:Face:Eyes:REye:EyeSize", "HumanFemale:Anim:Face:Ears:LEar:EarBendTw", "HumanFemale:Anim:Face:Mouth:JawSquetch", "HumanFemale:Anim:Face:Nose:NoseLR", "HumanFemale:Anim:Face:Ears:REar:EarLR", "HumanFemale:Anim:Face:Mouth:LCornerThickIn", "HumanFemale:Anim:Face:Mouth:Uvula:UvulaSquetch", "HumanFemale:Anim:Face:Eyes:LEye:PupilUD", "HumanFemale:Anim:Face:Mouth:Tongue:TongueLength", "HumanFemale:Anim:Face:Eyes:REye:EyeTz", "HumanFemale:Anim:Face:Mouth:Tongue:MidRad", "HumanFemale:Anim:Face:Mouth:RSide", "HumanFemale:Anim:Face:Mouth:Lips:UpLip:LThickOut", "HumanFemale:Anim:Face:Cheeks:RCheek:PuffUD", "HumanFemale:Anim:Face:Mouth:Tongue:TongueThick", "HumanFemale:Anim:Face:Mouth:Lips:UpLip:LPuff", "HumanFemale:Anim:Face:Eyes:REye:IrisHeight", "HumanFemale:Anim:Face:Nose:NoseBendUD", "HumanFemale:Anim:Face:Eyes:LEye:Lids:TLidOutUD", "HumanFemale:Anim:Face:Mouth:Teeth:LowerTeeth:TeethRy", "HumanFemale:Anim:Face:Mouth:ChinUD", "HumanFemale:Anim:Face:Mouth:Lips:LoLip:MidLR", "HumanFemale:Anim:Face:Mouth:Tongue:TongueSw", "HumanFemale:Anim:Face:Mouth:Lips:UpLip:MidFan", "HumanFemale:Anim:Face:UpperFaceSkewFB", "HumanFemale:Anim:Face:LowerHeadBendLR", "HumanFemale:Anim:Face:Eyes:LEye:IrisSkew", "HumanFemale:Anim:Face:Eyes:REye:Lids:TLidInnLR", "HumanFemale:Anim:Face:Eyes:REye:Lids:SquintIn", "HumanFemale:Anim:Face:Mouth:Lips:UpLip:LThickIn", "HumanFemale:Anim:Face:Mouth:Lips:LoLip:LR", "HumanFemale:Anim:Face:AutoLLidsEyeLR", "HumanFemale:Anim:Face:Mouth:Teeth:UpperTeeth:TeethBendLR", "HumanFemale:Anim:Face:Ears:LEar:EarBendFB", "HumanFemale:Anim:Face:Mouth:ChinLR", "HumanFemale:Anim:Face:Mouth:Lips:UpLip:RUD", "HumanFemale:Anim:Face:Mouth:LCornerTy", "HumanFemale:Anim:Face:Mouth:LCornerTx", "HumanFemale:Anim:Face:Mouth:LCornerTz", "HumanFemale:Anim:Face:Mouth:RCornerTz", "HumanFemale:Anim:Face:Mouth:RCornerTy", "HumanFemale:Anim:Face:Mouth:RCornerTx", "HumanFemale:Anim:Face:Mouth:RCornerTw", "HumanFemale:Anim:Face:Ears:LEar:EarSlideFB", "HumanFemale:Anim:Face:Mouth:LCornerTw", "HumanFemale:Anim:Face:Mouth:JawDrop", "HumanFemale:Anim:Face:Eyes:RBrow:MidUD", "HumanFemale:Anim:Face:AutoUpLip"]
        float[] blendShapeWeights.timeSamples = {
            101: [0, 0, 0.049583334, 0, 0, 0, 0, 0, 0, 0.465, 0, 0, 0, 0, 0, 0, 0, 0, 0, 0, 0, 0, 0, 0, 0, 0, 0, 0, 0, 0, 0, 0, 0, -0.09911037, -0.09911037, 0, 0, 0, 0, 0, 0, 0, 0, 0, 0, 0, 0, 0, 0.0009945469, 0, 0, 0, 0, 0, -0.05589124, 0, 0, 0, 0, 0, 0.0009945469, 0, 0, 0, 0, 0, 0, 0, 0, 0.0445, 0, 0, 0, 0, 0, 0, -0.7214286, 0, 0, 0, 0, 0, 0, 0, 0, 0, 0, 0, 0, -0.7214286, 0, 0.0445, -0.7214286, 0, 0, 0, 0, 0, 0, 0, 0, 0, 0, 0, 0, 0, 0.049583334, 0, 0, 0, 0, 0, 0, 0, 0, 0, -0.05589124, 0, 0, 0, 0, 0, 0, 0, 0, 0, 0, 0, 0, 0, 0, 0, 0, 0, 0, 0, 0, 0, 0, 0, 0, 0.135, -0.09911037, 0, 0, 0, -0.7214286, 0, 0, 0, 0, 0, 0, 0, 0, 0, 0, 0, 0.049583334, 0, 0, 0, 0, 0, 0.895, 0, 0, 0, 0, 1.05, 0, 0, 0, 0, 0, 0, 0, 0, 0, 0, 0, 0, 0, 0, 0.895, 0, 0, 0.049583334, 0, 0, 0, 0, 0, -0.4642857, 0, -0.05589124, 0, -0.05589124, 0, 0, 0, 0, 0, 0, 0, 0, 0, 0, 0, 0, 0, 0, 0, 0, 0, 0, 0, 0, 0, 0, 0, 0, 0, 0, 0, 0.61, 0, 0, 0, 0.049583334, 0, 0, 0, 0, -0.09911037, 0, 0, 0, 0, 0, 0, 0, 0, 0, 0, 0, 0, 0, 0, 0, 0, 0, 0, 0, 0, 0, 0, 0, 0, 0, 0, 0, 0, 0, 0, 0, 0, 0, -0.05589124, 0, 0, 0, 0, 0, -0.05589124, 0, 0, 0, 0, 0, 0, 0, 0, 0, 0, 0, 0, 0.79, 0, 0, 0, 0, 0, 0, 0, 0, 0.0445, 0, 0, 0, 0, 0, 0, 0, 0, 0, 0, 0, 0, 0, 0, 0, 0, 0, 0, 0, 0, -0.09911037, 0.049583334, 0, 0, 0, 0, 0, 0, 0, -0.7214286, 0, 0, 0, 0, 0, 0, 0, 0, 0.79, 0, 0, 0, 0, 0, 0, 0, 0, 0, 0, 0.049583334, -0.09911037, 0, 1.05, 0, 0, -0.05589124, 0, 0, -0.05589124, 0, 0, 0, -0.05589124, 0, 0, 0, 0, 0, 0, 0, 0, 0, 0, 0, 0, 0, 0, 0, 0, 0, 0, 0, 0, -0.05589124, 0, 0, 0, -0.7214286, 0, 0, 0, 0, 0, 0, 0, 0, 0, 0.049583334, 0, 0, 0, -0.05589124, 0, 0, 0, 0, 0, 0, 0, 0, 0, 0, 0, 0, 0, 0, 0, 0, 0, 0, 0.245, 0, 0, 0, 0, -0.09911037, 0, 0, 0, 0, 0, 0, 0, 0, 0, -0.05589124, 0, 0, 0, 0, 0, 0, 0, -0.05589124, 0, -0.09911037, 0, 0, 0, 0, 0, 0, 0, 0, 0, 0, 0, 0, 0, 0, 0.049583334, 0, 0, 0, 0, 0, 0, 0, 0, 0, -0.05589124, 0, 0, -0.4642857, 0, 0, 0, -0.05589124, 0, 0, 0, 0, 0, 0, 0, 0, 0, 0, 0, 0, 0, 0, 0, 0, 0, 0, 0, 0, 0, 0, 0, 0, 0.35, -0.09911037, 0, 0, 0, 0, 0, 0.61, 0, 0, 0, 0, 0, 0, 0, 0, -0.05589124, 0, 0, 0, 0, 0, 0, 0, 0, 0, 0, 0, 0, 0, 0, 0, 0, 0, 0, 0, 0],
        }    
