{"fdjykf": {"0": {"original_transform": [[1.0, 0.0, 0.0, 2600.20458984375], [0.0, 1.0, 0.0, 12019.1708984375], [0.0, 0.0, 1.0, 250.2234649658203], [0.0, 0.0, 0.0, 1.0]], "calculated_transform": [[1.4944238710774778, 0.0, 0.0, 3088.0094634031293], [0.0, 1.2330901125899698, 0.0, 12019.1708984375], [0.0, 0.0, 0.7606926534138936, 393.79685344347615], [0.0, 0.0, 0.0, 1.0]], "current_transform": [[1.4944238662719727, 0.0, 0.0, 3088.009521484375], [0.0, 1.2330901622772217, 0.0, 12019.1708984375], [0.0, 0.0, 0.7606926560401917, 393.7968444824219], [0.0, 0.0, 0.0, 1.0]], "original_world_bb": [[1333.8316650390625, 11342.7900390625, 4.346381187438965], [3866.577392578125, 12695.5517578125, 496.1005554199219]], "computed_world_bb": [[1333.8316650390627, 11342.7900390625, 4.346381187438965], [3866.577392578125, 12695.5517578125, 496.1005554199219]], "current_world_bb": [[1333.831787109375, 11342.7900390625, 4.346343994140625], [3866.577392578125, 12695.5517578125, 496.1005554199219]], "original_lowbb": [[1333.8316650390625, 11342.7900390625, 4.346381187438965], [3866.577392578125, 12695.5517578125, 496.1005554199219]], "current_lowbb": [[-1173.8154296875, -548.5250854492188, -511.9682312011719], [520.9819946289062, 548.5250854492188, 134.48756408691406]]}}, "mpgavt": {"0": {"original_transform": [[-0.999998152256012, 0.0019320555729791522, -7.803054209720717e-12, 6277.798828125], [-0.0019320555729791522, -0.999998152256012, 4.03872402188199e-09, 973.9661865234375], [0.0, 4.038731571398557e-09, 1.0, 400.7152099609375], [0.0, 0.0, 0.0, 1.0]], "calculated_transform": [[-1.1034378149701662, 0.0021518987806616657, -8.5003546010314e-12, 6438.25045506113], [-0.0021319071190676105, -1.1137851491432493, 4.399634779368746e-09, 982.4685611881973], [0.0, 4.4982875572834815e-09, 1.0893625870768076, 415.8492115703456], [0.0, 0.0, 0.0, 1.0]], "current_transform": [[-1.103437900543213, 0.002151898806914687, -8.500355801188686e-12, 6438.25048828125], [-0.002131907269358635, -1.1137851476669312, 4.399634878637926e-09, 982.4685668945312], [0.0, 4.498287520249278e-09, 1.089362621307373, 415.8492126464844], [0.0, 0.0, 0.0, 1.0]], "original_world_bb": [[5213.455078125, 123.20771026611328, 8.725945472717285], [7342.14013671875, 1824.7236328125, 792.7044677734375]], "computed_world_bb": [[5213.455079297497, 123.20767427814314, 8.725938617324971], [7342.140135546253, 1824.72366880047, 792.7044746288299]], "current_world_bb": [[5213.455078125, 123.20770263671875, 8.725921630859375], [7342.14013671875, 1824.7236328125, 792.7044677734375]], "original_lowbb": [[-7342.372412053329, -1810.5412120967314, 8.72594592961275], [-5216.962880668728, -113.12845701477981, 792.7044750857274]], "current_lowbb": [[-817.6574096679688, -754.6445922851562, -373.72613525390625], [1108.5096435546875, 769.3563232421875, 345.9410705566406]]}}, "zrumze": {"0": {"original_transform": [[-1.5934321027089027e-06, 1.0, 5.7697270676726475e-05, 5340.0244140625], [-1.0, -1.5925534171401523e-06, -1.5229435121000279e-05, 7168.22998046875], [-1.52293432620354e-05, -5.7697296142578125e-05, 1.0, 399.1932373046875], [0.0, 0.0, 0.0, 1.0]], "calculated_transform": [[-1.5301684727374656e-06, 0.731308732988815, 5.423221874355403e-05, 5325.928478156406], [-0.9602972540443449, -1.1646482170550173e-06, -1.43148199905939e-05, 7698.75664423078], [-1.462469651543134e-05, -4.2194536538909184e-05, 0.9399442463760178, 451.1232396562791], [0.0, 0.0, 0.0, 1.0]], "current_transform": [[-1.5301684470614418e-06, 0.7313087582588196, 5.423221955425106e-05, 5325.9287109375], [-0.9602972269058228, -1.164648210760788e-06, -1.4314822692540474e-05, 7698.7568359375], [-1.4624698451370932e-05, -4.219453694531694e-05, 0.9399442672729492, 451.12322998046875], [0.0, 0.0, 0.0, 1.0]], "original_world_bb": [[4806.67529296875, 6192.56640625, 8.819750785827637], [5873.3759765625, 8143.89208984375, 789.5667114257812]], "computed_world_bb": [[4806.66882711465, 6192.566894581111, 8.819461703361867], [5873.382442416599, 8143.891601512638, 789.567000508247]], "current_world_bb": [[4806.6689453125, 6192.5673828125, 8.819427490234375], [5873.3828125, 8143.8916015625, 789.5670166015625]], "original_lowbb": [[-8143.912974436785, 4806.616759518118, 8.974541290112967], [-6192.577524670784, 5873.3537870928585, 789.7826540160473]], "current_lowbb": [[-463.54498291015625, -710.0546264648438, -470.6007385253906], [1568.4669189453125, 748.6138916015625, 360.095458984375]]}, "1": {"original_transform": [[0.9999967217445374, 0.002561565488576889, 1.5377087038359605e-05, -3397.583984375], [-0.0025615664198994637, 0.9999967217445374, 5.765809692093171e-05, 11142.6826171875], [-1.5229341443045996e-05, -5.7697296142578125e-05, 1.0, 698.5881958007812], [0.0, 0.0, 0.0, 1.0]], "calculated_transform": [[1.1718425606178182, 0.003500389366772319, 2.5293941390980892e-05, -4045.0352618406873], [-0.003001762393231568, 1.3664994454740567, 9.48424434655796e-05, 11118.803635054615], [-1.784644897836093e-05, -7.884358165469356e-05, 1.644911130681585, 789.4685266238951], [0.0, 0.0, 0.0, 1.0]], "current_transform": [[1.1718425750732422, 0.003500389400869608, 2.529394259909168e-05, -4045.03515625], [-0.0030017623212188482, 1.366499423980713, 9.484244947088882e-05, 11118.8037109375], [-1.7846448827185668e-05, -7.884358637966216e-05, 1.6449111700057983, 789.468505859375], [0.0, 0.0, 0.0, 1.0]], "original_world_bb": [[-4590.7099609375, 10143.8408203125, 15.434572219848633], [-2204.45751953125, 12141.5224609375, 1381.74169921875]], "computed_world_bb": [[-4590.710716790284, 10143.834681960483, 15.434572986103149], [-2204.456763678466, 12141.528599289517, 1381.7416984524955]], "current_world_bb": [[-4590.71044921875, 10143.8349609375, 15.43450927734375], [-2204.456787109375, 12141.5283203125, 1381.74169921875]], "original_lowbb": [[-4616.7194101833875, 10138.064079329819, 15.951019059561322], [-2235.513567331332, 12131.340343285225, 1382.3724429910953]], "current_lowbb": [[-463.54498291015625, -710.0546264648438, -470.6007385253906], [1568.4669189453125, 748.6138916015625, 360.095458984375]]}}, "immwzb": {"0": {"original_transform": [[-0.999959409236908, -0.009006529115140438, -5.9618716477416456e-05, 7186.00732421875], [0.009006704203784466, -0.9999496936798096, -0.004405125509947538, 2329.7890625], [-1.9940827769460157e-05, -0.004405484069138765, 0.9999902844429016, 350.00006103515625], [0.0, 0.0, 0.0, 1.0]], "calculated_transform": [[-0.9179624314760797, -0.018788425245281577, -7.611269335714907e-05, 7178.945578671708], [0.008268151701078724, -2.085984556009259, -0.005623837570109623, 2323.1472133442694], [-1.8305673786167273e-05, -0.009190234056791471, 1.2766452172926293, 368.90403439869806], [0.0, 0.0, 0.0, 1.0]], "current_transform": [[-0.9179624319076538, -0.01878855749964714, -7.611303590238094e-05, 7178.94580078125], [0.008268210105597973, -2.085984468460083, -0.005623837001621723, 2323.147216796875], [-1.8305674529983662e-05, -0.009190233424305916, 1.2766451835632324, 368.9040222167969], [0.0, 0.0, 0.0, 1.0]], "original_world_bb": [[6956.0361328125, 1878.0450439453125, 4.525157451629639], [7379.44140625, 2781.533935546875, 695.474853515625]], "computed_world_bb": [[6956.042743196174, 1878.0518081410512, 2.9813811018601655], [7379.434795866327, 2781.5271713511365, 697.0186298653945]], "current_world_bb": [[6956.04296875, 1878.0517578125, 2.981353759765625], [7379.43505859375, 2781.52734375, 697.0186157226562]], "original_lowbb": [[-7354.134231970428, -2847.5098754028572, -8.152727693970254], [-6938.293017726128, -1944.3607077869926, 686.7631603264367]], "current_lowbb": [[-213.93240356445312, -219.64389038085938, -286.99273681640625], [239.0538330078125, 213.2949676513672, 257.3316650390625]]}}, "nnvyol": {"0": {"original_transform": [[-0.7290676236152649, 0.6844416856765747, -0.00016627678996883333, -404.85321044921875], [-0.6844415664672852, -0.7290676236152649, -0.00037127715768292546, 13283.455078125], [-0.0003753445635084063, -0.0001568794104969129, 0.9999999403953552, 949.99951171875], [0.0, 0.0, 0.0, 1.0]], "calculated_transform": [[-0.9804093067925099, 1.4278357528174077, -0.00034126044763766014, -409.82648155524225], [-0.9203986845454548, -1.520931438680808, -0.000761995823080927, 13288.545511385983], [-0.0005047423467974569, -0.00032727120160054156, 2.0523637033225755, 925.2714621352727], [0.0, 0.0, 0.0, 1.0]], "current_transform": [[-0.9804092645645142, 1.4278358221054077, -0.0003412605437915772, -409.82647705078125], [-0.9203985929489136, -1.5209314823150635, -0.0007619958487339318, 13288.5458984375], [-0.0005047423765063286, -0.00032727120560593903, 2.052363634109497, 925.271484375], [0.0, 0.0, 0.0, 1.0]], "original_world_bb": [[-796.1419067382812, 12887.16796875, 11.617020606994629], [-23.07981300354004, 13670.974609375, 1888.3818359375]], "computed_world_bb": [[-796.2950784945716, 12887.030700658923, 11.615476251611767], [-22.926641247249734, 13671.111877466077, 1888.383380292883]], "current_world_bb": [[-796.2951049804688, 12887.0302734375, 11.61553955078125], [-22.926605224609375, 13671.1123046875, 1888.3834228515625]], "original_lowbb": [[-9005.06346241311, -10298.409362628461, 6.622781778946374], [-8548.33237744157, -9625.159826393794, 1883.6531616447548]], "current_lowbb": [[-154.85398864746094, -157.95452880859375, -445.2344055175781], [184.7876739501953, 164.7716827392578, 469.3355712890625]]}, "1": {"original_transform": [[-8.388360583921894e-06, -1.0, -0.00015688256826251745, 420.3746337890625], [0.9999999403953552, -8.447244908893481e-06, 0.00037534316652454436, 8573.2734375], [-0.0003753444761969149, -0.0001568794104969129, 0.9999999403953552, 449.99981689453125], [0.0, 0.0, 0.0, 1.0]], "calculated_transform": [[-1.2544639501566592e-05, -1.4156933013433028, -0.00015253834211071876, 425.2018782894045], [1.4954815816921752, -1.1958708030461629e-05, 0.00036494954626227976, 8573.46435502796], [-0.0005613207843997092, -0.0002220931305591665, 0.9723089780192903, 438.2856601709041], [0.0, 0.0, 0.0, 1.0]], "current_transform": [[-1.254464041267056e-05, -1.4156932830810547, -0.0001525383413536474, 425.2018737792969], [1.4954816102981567, -1.1958707546000369e-05, 0.0003649495483841747, 8573.4638671875], [-0.000561320804990828, -0.0002220931346528232, 0.9723089933395386, 438.2856750488281], [0.0, 0.0, 0.0, 1.0]], "original_world_bb": [[192.00555419921875, 8342.0556640625, 5.502874374389648], [648.7435302734375, 8849.73046875, 894.4970092773438]], "computed_world_bb": [[192.00550600680188, 8342.056177599577, 5.418900397675031], [648.7435784658544, 8849.72995521292, 894.5809832540583]], "current_world_bb": [[192.00550842285156, 8342.0556640625, 5.41888427734375], [648.7435913085938, 8849.7294921875, 894.5810546875]], "original_lowbb": [[8341.71388985434, -648.9582240819057, 8.532729641009409], [8849.641776441636, -192.0768825872225, 897.7774026996086]], "current_lowbb": [[-154.85398864746094, -157.95452880859375, -445.2344055175781], [184.7876739501953, 164.7716827392578, 469.3355712890625]]}, "2": {"original_transform": [[-8.388360583921894e-06, -1.0, -0.00015688256826251745, 1650.35986328125], [0.9999999403953552, -8.447244908893481e-06, 0.00037534316652454436, 8573.2734375], [-0.0003753444761969149, -0.0001568794104969129, 0.9999999403953552, 449.99981689453125], [0.0, 0.0, 0.0, 1.0]], "calculated_transform": [[-1.2544638794775396e-05, -1.2926280924518552, -0.0001525372547540081, 1654.7674169091829], [1.4954814974336184, -1.0919146071353574e-05, 0.0003649469447502095, 8573.464018062288], [-0.0005613207527737235, -0.00020278673313559668, 0.9723020469967194, 438.2855888600549], [0.0, 0.0, 0.0, 1.0]], "current_transform": [[-1.2544638593681157e-05, -1.2926280498504639, -0.00015253724996000528, 1654.7674560546875], [1.4954814910888672, -1.0919146006926894e-05, 0.00036494695814326406, 8573.4638671875], [-0.0005613207467831671, -0.00020278673036955297, 0.9723020792007446, 438.28558349609375], [0.0, 0.0, 0.0, 1.0]], "original_world_bb": [[1441.8487548828125, 8342.0556640625, 5.502876281738281], [1858.870361328125, 8849.7294921875, 894.496826171875]], "computed_world_bb": [[1441.848371445405, 8342.055688260445, 5.425091788824432], [1858.8707447655324, 8849.729467989553, 894.5746106647889]], "current_world_bb": [[1441.848388671875, 8342.0556640625, 5.425048828125], [1858.8707275390625, 8849.7294921875, 894.5746459960938]], "original_lowbb": [[8341.703738850307, -1859.0850402116878, 8.342883743337687], [8849.631596819885, -1441.9200678460363, 897.5812178962605]], "current_lowbb": [[-154.85398864746094, -157.95452880859375, -445.2344055175781], [184.7876739501953, 164.7716827392578, 469.3355712890625]]}, "3": {"original_transform": [[-8.388360583921894e-06, -1.0, -0.00015688256826251745, 3480.35986328125], [0.9999999403953552, -8.447244908893481e-06, 0.00037534316652454436, 8573.2734375], [-0.0003753444761969149, -0.0001568794104969129, 0.9999999403953552, 449.99981689453125], [0.0, 0.0, 0.0, 1.0]], "calculated_transform": [[-1.2544614675950717e-05, -1.2926277142113056, -0.00015253723613019223, 3484.7674766548553], [1.495478622161031, -1.0919142876263018e-05, 0.0003649469001925392, 8573.463572820667], [-0.000561319673555976, -0.00020278667379744226, 0.9723019282849049, 438.28555285874313], [0.0, 0.0, 0.0, 1.0]], "current_transform": [[-1.254461494681891e-05, -1.2926276922225952, -0.00015253723540809005, 3484.767578125], [1.495478630065918, -1.0919142368948087e-05, 0.0003649469290394336, 8573.4638671875], [-0.0005613196990452707, -0.00020278667216189206, 0.9723019599914551, 438.2855529785156], [0.0, 0.0, 0.0, 1.0]], "original_world_bb": [[3271.848876953125, 8342.0556640625, 5.502862453460693], [3688.870361328125, 8849.728515625, 894.4967651367188]], "computed_world_bb": [[3271.8484935088227, 8342.055688244844, 5.42510879862192], [3688.8707447724273, 8849.728491442658, 894.5745187915576]], "current_world_bb": [[3271.8486328125, 8342.0556640625, 5.425079345703125], [3688.870849609375, 8849.728515625, 894.5745849609375]], "original_lowbb": [[8341.68838814958, -3689.0850176271965, 8.055774777079943], [8849.615269556727, -3271.920167329686, 897.2940003597322]], "current_lowbb": [[-154.85398864746094, -157.95452880859375, -445.2344055175781], [184.7876739501953, 164.7716827392578, 469.3355712890625]]}, "4": {"original_transform": [[-8.388360583921894e-06, -1.0, -0.00015688256826251745, 4690.35986328125], [0.9999999403953552, -8.447244908893481e-06, 0.00037534316652454436, 8573.2734375], [-0.0003753444761969149, -0.0001568794104969129, 0.9999999403953552, 449.99981689453125], [0.0, 0.0, 0.0, 1.0]], "calculated_transform": [[-1.2544662912639987e-05, -1.2926292271698, -0.000152537246332848, 4694.766505249509], [1.4954843725917513, -1.0919155656593958e-05, 0.0003649469246024977, 8573.463486750068], [-0.0005613218319485112, -0.00020278691114947902, 0.9723019933186117, 438.28558354586977], [0.0, 0.0, 0.0, 1.0]], "current_transform": [[-1.2544663150038105e-05, -1.2926292419433594, -0.00015253724996000528, 4694.7666015625], [1.4954843521118164, -1.0919156011368614e-05, 0.0003649469290394336, 8573.4638671875], [-0.0005613218527287245, -0.00020278691954445094, 0.9723020195960999, 438.28558349609375], [0.0, 0.0, 0.0, 1.0]], "original_world_bb": [[4481.84765625, 8342.0546875, 5.502864360809326], [4898.86962890625, 8849.7294921875, 894.496826171875]], "computed_world_bb": [[4481.8472728119505, 8342.054711710582, 5.425110170736616], [4898.8700123443, 8849.72946797692, 894.5745803619477]], "current_world_bb": [[4481.84716796875, 8342.0546875, 5.425079345703125], [4898.8701171875, 8849.7294921875, 894.5745849609375]], "original_lowbb": [[8341.6772617041, -4899.084270254591, 7.865948601950795], [8849.606096197236, -4481.918931685711, 897.1042336624837]], "current_lowbb": [[-154.85398864746094, -157.95452880859375, -445.2344055175781], [184.7876739501953, 164.7716827392578, 469.3355712890625]]}}, "nyfebf": {"0": {"original_transform": [[-0.999959409236908, -0.009009326808154583, -3.3832401413746993e-07, 7163.60498046875], [0.009009326808154583, -0.999959409236908, 1.1024207680065956e-07, -296.0183410644531], [-3.3930351150956994e-07, 1.0718952836441531e-07, 1.0, 350.00006103515625], [0.0, 0.0, 0.0, 1.0]], "calculated_transform": [[-1.0049945876071908, -0.007354000189021208, -2.5582944122759237e-07, 7159.323583867144], [0.009054692217046379, -0.8162320938181571, 8.33614089544183e-08, -301.1931347532325], [-3.4101203456193847e-07, 8.749508466451074e-08, 0.7561669077644475, 361.72173043710166], [0.0, 0.0, 0.0, 1.0]], "current_transform": [[-1.0049946308135986, -0.007354051806032658, -2.558294340815337e-07, 7159.32373046875], [0.009054755792021751, -0.8162320852279663, 8.336142798270885e-08, -301.1931457519531], [-3.4101205415026925e-07, 8.74950814022668e-08, 0.756166934967041, 361.72174072265625], [0.0, 0.0, 0.0, 1.0]], "original_world_bb": [[6977.66650390625, -560.7174682617188, 4.2805609703063965], [7321.3193359375, -31.318201065063477, 695.7196044921875]], "computed_world_bb": [[6977.666881959917, -560.7176307635175, 4.280551565512951], [7321.318957883834, -31.318038563264736, 695.719613896981]], "current_world_bb": [[6977.6669921875, -560.7176513671875, 4.280548095703125], [7321.3193359375, -31.318023681640625, 695.7196655273438]], "original_lowbb": [[-7321.329808723941, -31.844557808799692, 4.278023782553687], [-6980.23916472097, 494.7778131602476, 695.7172011618104]], "current_lowbb": [[-158.78382873535156, -328.9676513671875, -472.7015075683594], [180.597900390625, 316.1932067871094, 441.6986999511719]]}}, "qohxjq": {"0": {"original_transform": [[-1.0, 3.8941436741879443e-07, -1.3170890156288806e-08, 5339.85888671875], [-3.8941436741879443e-07, -1.0, -5.128933996939979e-15, 11389.7490234375], [-1.3170890156288806e-08, 0.0, 1.0, 349.6536865234375], [0.0, 0.0, 0.0, 1.0]], "calculated_transform": [[-1.2319816335894005, 4.259227904588135e-07, -1.4819062322265145e-08, 5329.624336521988], [-4.797513485157893e-07, -1.0937521213765495, -5.770755779964571e-15, 11383.89995448256], [-1.6226294770571237e-08, 0.0, 1.1251374923350659, 370.4511665548026], [0.0, 0.0, 0.0, 1.0]], "current_transform": [[-1.231981635093689, 4.2592279214659357e-07, -1.4819061533444255e-08, 5329.62451171875], [-4.79751349757862e-07, -1.093752145767212, -5.770755848546506e-15, 11383.900390625], [-1.6226294974330813e-08, 0.0, 1.125137448310852, 370.451171875], [0.0, 0.0, 0.0, 1.0]], "original_world_bb": [[5045.341796875, 11185.0244140625, 3.6670610904693604], [5603.4013671875, 11594.4765625, 695.640380859375]], "computed_world_bb": [[5045.341696313278, 11185.02440764836, 3.6670546002665105], [5603.401467749222, 11594.47656891414, 695.6403873495778]], "current_world_bb": [[5045.341796875, 11185.0244140625, 3.667083740234375], [5603.4013671875, 11594.4765625, 695.640380859375]], "original_lowbb": [[-5603.4058895070175, -11594.474585708007, 3.666987288626008], [-5045.346219327312, -11185.02243085642, 695.6403139996924]], "current_lowbb": [[-222.22494506835938, -192.5269012451172, -325.990478515625], [230.7523193359375, 181.82862854003906, 289.0217590332031]]}, "1": {"original_transform": [[-1.0, 3.8941436741879443e-07, -1.3170890156288806e-08, 5349.85888671875], [-3.8941436741879443e-07, -1.0, -5.128933996939979e-15, 12499.75], [-1.3170890156288806e-08, 0.0, 1.0, 349.6536865234375], [0.0, 0.0, 0.0, 1.0]], "calculated_transform": [[-1.2319783997764364, 4.2592380630474676e-07, -1.481906092835714e-08, 5339.624078593328], [-4.797500892225595e-07, -1.0937547300269186, -5.770755237156767e-15, 12493.899452247033], [-1.62262521783759e-08, 0.0, 1.125137386502583, 370.4511361075382], [0.0, 0.0, 0.0, 1.0]], "current_transform": [[-1.231978416442871, 4.2592381532813306e-07, -1.4819059757087416e-08, 5339.6240234375], [-4.797500992026471e-07, -1.093754768371582, -5.770755001513559e-15, 12493.8994140625], [-1.6226252341766667e-08, 0.0, 1.1251373291015625, 370.4511413574219], [0.0, 0.0, 0.0, 1.0]], "original_world_bb": [[5055.34228515625, 12295.0234375, 3.667065143585205], [5613.400390625, 12704.4765625, 695.6403198242188]], "computed_world_bb": [[5055.342184594418, 12295.023431085772, 3.6670586533901997], [5613.400491186834, 12704.476568914228, 695.6403263144136]], "current_world_bb": [[5055.34228515625, 12295.0234375, 3.667083740234375], [5613.400390625, 12704.4765625, 695.6402587890625]], "original_lowbb": [[-5613.405345194465, -12704.47458181416, 3.6669912100401207], [-5055.347139858509, -12295.021450399881, 695.6402528328344]], "current_lowbb": [[-222.22494506835938, -192.5269012451172, -325.990478515625], [230.7523193359375, 181.82862854003906, 289.0217590332031]]}}, "ctclvd": {"0": {"original_transform": [[-1.6292068494294654e-07, 1.0, -6.837264265868725e-08, -2704.80078125], [-1.0, -1.6292068494294654e-07, 1.1139317583847095e-14, -3412.397216796875], [0.0, 6.837264265868725e-08, 1.0, 2.372791051864624], [0.0, 0.0, 0.0, 1.0]], "calculated_transform": [[-6.471177881891551e-07, 1.9786005499019919, -1.6791811627626197e-08, -2704.8010864257812], [-3.971980527922347, -3.223549568185232e-07, 2.7357334518057935e-15, -3412.3973388671875], [0.0, 1.35282148362731e-07, 0.24559254951502324, 2.372791066765785], [0.0, 0.0, 0.0, 1.0]], "current_transform": [[-6.471178153333312e-07, 1.9786005020141602, -1.6791812385008598e-08, -2704.801025390625], [-3.971980571746826, -3.223549356334843e-07, 2.735733460514783e-15, -3412.3974609375], [0.0, 1.3528214992675203e-07, 0.24559254944324493, 2.372791051864624], [0.0, 0.0, 0.0, 1.0]], "original_world_bb": [[-3916.688720703125, -4953.466796875, 0.41657593846321106], [-1492.9134521484375, -1871.327880859375, 4.329006195068359]], "computed_world_bb": [[-3916.688740057915, -4953.466796874887, 0.41643082948858035], [-1492.9134327936476, -1871.3278808594873, 4.32915130404299]], "current_world_bb": [[-3916.688720703125, -4953.466796875, 0.41643059253692627], [-1492.913330078125, -1871.327880859375, 4.329151630401611]], "original_lowbb": [[1871.328124085932, -3916.688415796479, 0.4166780128460159], [4953.4674349844245, -1492.9126448303862, 4.329273989405809]], "current_lowbb": [[-387.9851989746094, -612.4974975585938, -7.9656243324279785], [387.9851989746094, 612.4974975585938, 7.9656243324279785]]}, "1": {"original_transform": [[-1.6292068494294654e-07, 1.0, -6.837264265868725e-08, -3644.79931640625], [-1.0, -1.6292068494294654e-07, 1.1139317583847095e-14, -151.39218139648438], [0.0, 6.837264265868725e-08, 1.0, 2.372791051864624], [0.0, 0.0, 0.0, 1.0]], "calculated_transform": [[-3.5069609420566823e-07, 1.4900567326812406, -1.6791576029434315e-08, -3644.7991943359375], [-2.152557204927533, -2.427610634922767e-07, 2.7356950679870013e-15, -151.39224243164062], [0.0, 1.0187911652478554e-07, 0.24558910371882875, 2.372790902853012], [0.0, 0.0, 0.0, 1.0]], "current_transform": [[-3.506960695176531e-07, 1.4900567531585693, -1.6791576129548957e-08, -3644.79931640625], [-2.152557134628296, -2.4276107524201507e-07, 2.73569513227392e-15, -151.39224243164062], [0.0, 1.0187911669845562e-07, 0.24558910727500916, 2.372790813446045], [0.0, 0.0, 0.0, 1.0]], "original_world_bb": [[-4557.455078125, -986.5524291992188, 0.41658276319503784], [-2732.143310546875, 683.7679443359375, 4.328999042510986]], "computed_world_bb": [[-4557.455078392543, -986.552429199194, 0.4164785724698925], [-2732.1433102793317, 683.7679443359127, 4.329103233236132]], "current_world_bb": [[-4557.455078125, -986.5523681640625, 0.4164782762527466], [-2732.143310546875, 683.767822265625, 4.329103469848633]], "original_lowbb": [[-683.7674992131894, -4557.455189496327, 0.41676956704231166], [986.5531717029087, -2732.14314952111, 4.329310647766082]], "current_lowbb": [[-387.9851989746094, -612.4974975585938, -7.9656243324279785], [387.9851989746094, 612.4974975585938, 7.9656243324279785]]}}, "tpuwys": {"0": {"original_transform": [[1.0, 0.0, 0.0, 5345.20263671875], [0.0, 1.0, 0.0, 11943.1689453125], [0.0, 0.0, 1.0, 710.7998046875], [0.0, 0.0, 0.0, 1.0]], "calculated_transform": [[0.5758691271061347, 0.0, 0.0, 5345.202880859375], [0.0, 2.725563618985305, 0.0, 11943.1689453125], [0.0, 0.0, 0.5574557421499984, 710.7998046875], [0.0, 0.0, 0.0, 1.0]], "current_transform": [[0.5758691430091858, 0.0, 0.0, 5345.203125], [0.0, 2.7255635261535645, 0.0, 11943.1689453125], [0.0, 0.0, 0.5574557185173035, 710.7998046875], [0.0, 0.0, 0.0, 1.0]], "original_world_bb": [[5051.08447265625, 11183.9775390625, 701.9501953125], [5639.3212890625, 12702.3603515625, 719.6494140625]], "computed_world_bb": [[5051.08447265625, 11183.9775390625, 701.9501953125], [5639.3212890625, 12702.3603515625, 719.6494140625]], "current_world_bb": [[5051.0849609375, 11183.9775390625, 701.9501953125], [5639.3212890625, 12702.3603515625, 719.6494140625]], "original_lowbb": [[5051.08447265625, 11183.9775390625, 701.9501953125], [5639.3212890625, 12702.3603515625, 719.6494140625]], "current_lowbb": [[-510.73828125, -278.54473876953125, -15.874999046325684], [510.73828125, 278.54473876953125, 15.874999046325684]]}}, "ktydvs": {"0": {"original_transform": [[-0.001974909333512187, 0.9999916553497314, -0.0035713911056518555, 1959.65771484375], [-0.0010575788328424096, -0.003573507070541382, -0.9999930262565613, 845.6593627929688], [-0.9999974966049194, -0.001971118850633502, 0.001064627431333065, 1000.0001220703125], [0.0, 0.0, 0.0, 1.0]], "calculated_transform": [[-0.0020719936126974664, 0.8759923988122988, -0.004796979576862334, 1976.6501032916756], [-0.00110956819606321, -0.003130391152609734, -1.3431506034895446, 823.7494460313103], [-1.0491562273362778, -0.0017266992516890341, 0.0014299648270759769, 1059.637788121996], [0.0, 0.0, 0.0, 1.0]], "current_transform": [[-0.0020719366148114204, 0.875992476940155, -0.004746272228658199, 1976.650146484375], [-0.0011096041416749358, -0.00309731368906796, -1.3431507349014282, 823.7494506835938], [-1.0491561889648438, -0.0017266868380829692, 0.001429910771548748, 1059.6378173828125], [0.0, 0.0, 0.0, 1.0]], "original_world_bb": [[1600.54150390625, 699.9451904296875, 11.713434219360352], [2318.77783203125, 937.607177734375, 1988.286865234375]], "computed_world_bb": [[1599.8662319278374, 699.9457654951187, 11.69267653335146], [2319.453104009662, 937.6066026689438, 1988.3076229203837]], "current_world_bb": [[1599.8690185546875, 699.9539184570312, 11.6927490234375], [2319.454833984375, 937.6192016601562, 1988.3076171875]], "original_lowbb": [[-1993.6845191849284, 1593.8273069744444, -945.8359312286698], [-15.671522323687304, 2316.0419770512003, -706.5191033050885]], "current_lowbb": [[-885.7482299804688, -431.2467041015625, -86.48326110839844], [999.583984375, 393.1995544433594, 91.69122314453125]]}, "1": {"original_transform": [[-0.001974909333512187, 0.9999916553497314, -0.0035713911056518555, 3079.642578125], [-0.0010575788328424096, -0.003573507070541382, -0.9999930262565613, 4853.1162109375], [-0.9999974966049194, -0.001971118850633502, 0.001064627431333065, 1000.0001220703125], [0.0, 0.0, 0.0, 1.0]], "calculated_transform": [[-0.0020720272848159184, 0.9001602293552198, -0.003407849466954486, 3097.033274256719], [-0.0011095862277364255, -0.003216755786608735, -0.954195237815748, 4837.969636125417], [-1.0491732772502087, -0.001774337307647041, 0.0010158694227549725, 1059.6396539205173], [0.0, 0.0, 0.0, 1.0]], "current_transform": [[-0.0020719703752547503, 0.9001603126525879, -0.003371826373040676, 3097.033203125], [-0.001109622186049819, -0.003182765794917941, -0.9541953802108765, 4837.9697265625], [-1.0491732358932495, -0.00177432456985116, 0.0010158310178667307, 1059.6396484375], [0.0, 0.0, 0.0, 1.0]], "original_world_bb": [[2710.549560546875, 4749.90185546875, 11.713882446289062], [3448.737060546875, 4918.24853515625, 1988.28759765625]], "computed_world_bb": [[2709.992043933826, 4749.807373769012, 11.715174734804805], [3449.2945771599234, 4918.343016855988, 1988.2863053677343]], "current_world_bb": [[2709.993896484375, 4749.81591796875, 11.7152099609375], [3449.295654296875, 4918.35595703125, 1988.2861328125]], "original_lowbb": [[-2000.1757551679784, 2689.435380308573, -4930.484270493021], [-22.130613474087852, 3431.575293784349, -4760.469845498103]], "current_lowbb": [[-885.7482299804688, -431.2467041015625, -86.48326110839844], [999.583984375, 393.1995544433594, 91.69122314453125]]}}, "lvgliq": {"0": {"original_transform": [[-0.0014617713168263435, -0.9999495148658752, -0.00994214415550232, 3089.6376953125], [0.0012232600711286068, -0.009943902492523193, 0.9999498128890991, 3024.8583984375], [-0.9999982118606567, 0.0014495361829176545, 0.0012377339880913496, 1000.0001220703125], [0.0, 0.0, 0.0, 1.0]], "calculated_transform": [[-0.0015840327139524824, -0.911294294417806, -0.0074906634959155845, 3091.1586091013537], [0.001325572576253901, -0.009062279116002832, 0.7533900387287894, 3026.442955862106], [-1.0836372716085017, 0.0013210206987405056, 0.0009325432569225773, 1013.9066753991581], [0.0, 0.0, 0.0, 1.0]], "current_transform": [[-0.0015841004205867648, -0.9112945795059204, -0.007465203292667866, 3091.15869140625], [0.0013256933307275176, -0.009031425230205059, 0.7533903121948242, 3026.44287109375], [-1.0836373567581177, 0.0013211145997047424, 0.0009325906285084784, 1013.9066772460938], [0.0, 0.0, 0.0, 1.0]], "original_world_bb": [[2731.5087890625, 2969.927001953125, 11.55184268951416], [3447.7685546875, 3079.788330078125, 1988.4495849609375]], "computed_world_bb": [[2731.056864802369, 2969.8689175583168, 11.551962867470252], [3448.2204789476305, 3079.8464144729332, 1988.4494647829813]], "current_world_bb": [[2731.05517578125, 2969.877685546875, 11.55194091796875], [3448.22216796875, 3079.854248046875, 1988.449462890625]], "original_lowbb": [[-1989.840632061393, -3478.1025838640044, 2942.8062603954345], [-11.789479408435371, -2758.1214892687344, 3052.9884965056513]], "current_lowbb": [[-899.8555297851562, -393.3546142578125, -71.68144989013672], [925.5223999023438, 396.6697998046875, 74.55980682373047]]}, "1": {"original_transform": [[0.001461927080526948, 0.9999490976333618, 0.00998467206954956, 940.94482421875], [-0.0012232597218826413, 0.009986400604248047, -0.9999493956565857, 5404.712890625], [-0.9999982118606567, 0.0014496392104774714, 0.0012377968523651361, 1000.0001220703125], [0.0, 0.0, 0.0, 1.0]], "calculated_transform": [[0.0015844895523025693, 1.1887016485784918, 0.010256854759829712, 938.9700410156211], [-0.0013258132193412527, 0.011871455146922439, -1.027214544347464, 5402.757422172994], [-1.083834303447842, 0.0017232763392607798, 0.0012715472252703302, 1013.9081108825466], [0.0, 0.0, 0.0, 1.0]], "current_transform": [[0.0015844793524593115, 1.1887019872665405, 0.010231784544885159, 938.9700317382812], [-0.0013258794788271189, 0.011842404492199421, -1.0272146463394165, 5402.75732421875], [-1.0838344097137451, 0.0017233001999557018, 0.0012715733610093594, 1013.9080810546875], [0.0, 0.0, 0.0, 1.0]], "original_world_bb": [[473.38507080078125, 5329.81005859375, 11.551097869873047], [1408.5064697265625, 5479.62109375, 1988.448486328125]], "computed_world_bb": [[473.39924411320993, 5329.751078715288, 11.430634462623289], [1408.4922964141338, 5479.680073628463, 1988.5689497353746]], "current_world_bb": [[473.3978271484375, 5329.74365234375, 11.43048095703125], [1408.4937744140625, 5479.67138671875, 1988.569091796875]], "original_lowbb": [[-1994.4391633004136, 526.7455358418476, -5465.488244674314], [-16.028351973488597, 1465.89667718777, -5315.259495182331]], "current_lowbb": [[-899.8555297851562, -393.3546142578125, -71.68144989013672], [925.5223999023438, 396.6697998046875, 74.55980682373047]]}, "2": {"original_transform": [[0.0012287989957258105, -0.00610622763633728, 0.9999805688858032, -1284.731689453125], [0.001457118196412921, 0.9999803304672241, 0.006104499101638794, 4715.2626953125], [-0.9999982118606567, 0.0014495888026431203, 0.0012376724043861032, 1000.0001220703125], [0.0, 0.0, 0.0, 1.0]], "calculated_transform": [[0.0013316233947356748, -0.005948402407019343, 0.7535616929956334, -1282.9843960468147], [0.0015790480672491173, 0.9741342378602977, 0.004600157715209126, 4713.634190950651], [-1.083676840752094, 0.001412121857901806, 0.0009326804928463603, 1013.906335740026], [0.0, 0.0, 0.0, 1.0]], "current_transform": [[0.0013316901167854667, -0.0059514218010008335, 0.7535617351531982, -1282.984375], [0.001579037168994546, 0.9741342663764954, 0.004602519329637289, 4713.63427734375], [-1.0836769342422485, 0.001412107958458364, 0.0009327302104793489, 1013.9063110351562], [0.0, 0.0, 0.0, 1.0]], "original_world_bb": [[-1338.7166748046875, 4332.15087890625, 11.55130386352539], [-1228.7242431640625, 5098.3740234375, 1988.44873046875]], "computed_world_bb": [[-1338.7193441082952, 4331.86423606556, 11.550797588694877], [-1228.7215738604546, 5098.660666278191, 1988.4492367435805]], "current_world_bb": [[-1338.7200927734375, 4331.8642578125, 11.5506591796875], [-1228.722412109375, 5098.66064453125, 1988.449462890625]], "original_lowbb": [[-1983.7678929454487, 4339.6615520933, -1306.9477746172543], [-5.644511520044756, 5109.266539065958, -1196.743827867398]], "current_lowbb": [[-899.8555297851562, -393.3546142578125, -71.68144989013672], [925.5223999023438, 396.6697998046875, 74.55980682373047]]}, "3": {"original_transform": [[0.001461927080526948, 0.9999490976333618, 0.00998467206954956, 695.8268432617188], [-0.0012232597218826413, 0.009986400604248047, -0.9999493956565857, 11279.740234375], [-0.9999982118606567, 0.0014496392104774714, 0.0012377968523651361, 1000.0001220703125], [0.0, 0.0, 0.0, 1.0]], "calculated_transform": [[0.001584274882984651, 0.999326345367576, 0.006843008828821606, 694.161851006808], [-0.0013256335959293663, 0.009980181234169239, -0.6853210229312403, 11277.807283714883], [-1.083687463747751, 0.001448736483398741, 0.0008483311007645532, 1013.9060101206258], [0.0, 0.0, 0.0, 1.0]], "current_transform": [[0.0015842645661905408, 0.9993266463279724, 0.006826282944530249, 694.161865234375], [-0.001325699733570218, 0.009955759160220623, -0.6853211522102356, 11277.8076171875], [-1.0836875438690186, 0.0014487565495073795, 0.0008483485435135663, 1013.906005859375], [0.0, 0.0, 0.0, 1.0]], "original_world_bb": [[302.8792419433594, 11229.8037109375, 11.550992012023926], [1088.778076171875, 11329.6787109375, 1988.448486328125]], "computed_world_bb": [[302.66879100622396, 11229.68849171361, 11.54987656715366], [1088.9885271090104, 11329.79393016139, 1988.4496017729953]], "current_world_bb": [[302.6677551269531, 11229.6826171875, 11.5498046875], [1088.9896240234375, 11329.787109375, 1988.44970703125]], "original_lowbb": [[-2001.8501183016774, 415.12070666095735, -11318.177077826165], [-23.707345409472605, 1204.6531170444503, -11217.949797320778]], "current_lowbb": [[-899.8555297851562, -393.3546142578125, -71.68144989013672], [925.5223999023438, 396.6697998046875, 74.55980682373047]]}, "4": {"original_transform": [[0.0012312083272263408, -0.004484087228775024, 0.9999892115592957, 4970.26318359375], [0.0014552391367033124, 0.9999889135360718, 0.004482358694076538, 10572.951171875], [-0.9999982118606567, 0.0014497048687189817, 0.0012377201346680522, 1000.0001220703125], [0.0, 0.0, 0.0, 1.0]], "calculated_transform": [[0.001334104842307787, -0.003661365210963193, 0.684892269749041, 4971.674405559017], [0.00157685871355773, 0.8165150303041852, 0.0030699217792571347, 10571.583436902727], [-1.0835716647140365, 0.0011837188411226178, 0.0008477140519186098, 1013.9055665635544], [0.0, 0.0, 0.0, 1.0]], "current_transform": [[0.0013339966535568237, -0.003656547050923109, 0.6848923563957214, 4971.67431640625], [0.001576826092787087, 0.8165150880813599, 0.0030659246258437634, 10571.5830078125], [-1.0835716724395752, 0.0011837007477879524, 0.0008476399234496057, 1013.9055786132812], [0.0, 0.0, 0.0, 1.0]], "original_world_bb": [[4921.44873046875, 10252.0205078125, 11.551589965820312], [5021.478515625, 10893.884765625, 1988.4490966796875]], "computed_world_bb": [[4921.446749939281, 10251.314041064768, 11.552460555280504], [5021.480496154468, 10894.59123237273, 1988.4482260902273]], "current_world_bb": [[4921.44775390625, 10251.3134765625, 11.552490234375], [5021.48193359375, 10894.5908203125, 1988.4482421875]], "original_lowbb": [[-1967.4586239241266, 10229.4608587738, 4971.1653109351155], [10.472771583383693, 10874.534830323997, 5071.325900064455]], "current_lowbb": [[-899.8555297851562, -393.3546142578125, -71.68144989013672], [925.5223999023438, 396.6697998046875, 74.55980682373047]]}, "5": {"original_transform": [[0.001461927080526948, 0.9999490976333618, 0.00998467206954956, -599.1180419921875], [-0.0012232597218826413, 0.009986400604248047, -0.9999493956565857, 7749.7080078125], [-0.9999982118606567, 0.0014496392104774714, 0.0012377968523651361, 1000.0001220703125], [0.0, 0.0, 0.0, 1.0]], "calculated_transform": [[0.0015844044349941566, 1.0880782161233382, 0.010936263734291202, -600.9246265922898], [-0.0013257419978854065, 0.010866538087583593, -1.0952567265240423, 7748.123459173251], [-1.0837760808748116, 0.00157740123213652, 0.0013557738831034584, 1013.9079412417889], [0.0, 0.0, 0.0, 1.0]], "current_transform": [[0.0015843941364437342, 1.088078498840332, 0.010909532196819782, -600.9246215820312], [-0.001325808116234839, 0.010839945636689663, -1.0952569246292114, 7748.12353515625], [-1.0837761163711548, 0.0015774229541420937, 0.001355801708996296, 1013.907958984375], [0.0, 0.0, 0.0, 1.0]], "original_world_bb": [[-1026.885498046875, 7669.810546875, 11.551279067993164], [-171.34786987304688, 7829.6083984375, 1988.44873046875]], "computed_world_bb": [[-1026.8942500558267, 7669.811012271381, 11.54440647038848], [-171.33911786409527, 7829.607933041119, 1988.4556030663548]], "current_world_bb": [[-1026.892578125, 7669.8037109375, 11.54443359375], [-171.34066772460938, 7829.60107421875, 1988.45556640625]], "original_lowbb": [[-1999.5062344840917, -950.0708389711988, -7830.989742054403], [-21.201701550072272, -90.4187136730884, -7670.809914671884]], "current_lowbb": [[-899.8555297851562, -393.3546142578125, -71.68144989013672], [925.5223999023438, 396.6697998046875, 74.55980682373047]]}, "6": {"original_transform": [[-0.0012184985680505633, 0.013217538595199585, -0.999911904335022, 5590.15087890625], [-0.001465897774323821, -0.9999115467071533, -0.013215780258178711, 3544.27001953125], [-0.9999982118606567, 0.0014496652875095606, 0.0012377664679661393, 1000.0001220703125], [0.0, 0.0, 0.0, 1.0]], "calculated_transform": [[-0.0013203566755767677, 0.011199474829018875, -0.6849143602067403, 5588.6425163531485], [-0.001588436755521297, -0.8472442972704607, -0.009052453627503404, 3545.681928413482], [-1.0835911910076688, 0.001228329182058977, 0.0008478386548275633, 1013.9059107591231], [0.0, 0.0, 0.0, 1.0]], "current_transform": [[-0.00132041668985039, 0.011173591017723083, -0.6849147081375122, 5588.642578125], [-0.001588431536220014, -0.8472446203231812, -0.009031550958752632, 3545.681884765625], [-1.0835912227630615, 0.0012283566175028682, 0.0008478463278152049, 1013.9058837890625], [0.0, 0.0, 0.0, 1.0]], "original_world_bb": [[5540.92236328125, 3211.25830078125, 11.551802635192871], [5640.89599609375, 3877.282470703125, 1988.44921875]], "computed_world_bb": [[5540.863624731554, 3210.828353770428, 11.552265036736912], [5640.954734643446, 3877.7124177139476, 1988.4487563484558]], "current_world_bb": [[5540.85693359375, 3210.829345703125, 11.55224609375], [5640.947265625, 3877.711181640625, 1988.44873046875]], "original_lowbb": [[-2000.989376304002, -3803.32062694469, -5682.8548545857075], [-23.022337866137683, -3133.917767966426, -5582.68329290133]], "current_lowbb": [[-899.8555297851562, -393.3546142578125, -71.68144989013672], [925.5223999023438, 396.6697998046875, 74.55980682373047]]}, "7": {"original_transform": [[-0.0012232690351083875, 0.009942889213562012, -0.9999499320983887, 3635.1435546875], [-0.0014619193971157074, -0.99994957447052, -0.009941130876541138, 3549.26123046875], [-0.9999982118606567, 0.0014496854273602366, 0.001237743068486452, 1000.0001220703125], [0.0, 0.0, 0.0, 1.0]], "calculated_transform": [[-0.0013255431413155255, 0.008560572940324161, -0.7532665