{"fdjykf": {"0": {"original_transform": [[-1.0, -3.8941436741879443e-07, 0.0, 15.204731941223145], [3.8941436741879443e-07, -1.0, 0.0, 1875.1416015625], [0.0, 0.0, 1.0, 250.22364807128906], [0.0, 0.0, 0.0, 1.0]], "calculated_transform": [[-0.947252863757625, -2.648067615395071e-07, 0.0, -293.99446840671703], [3.68873874725817e-07, -0.6800128184657386, 0.0, 1875.141470642077], [0.0, 0.0, 0.7606926534138936, 393.7970365489449], [0.0, 0.0, 0.0, 1.0]], "current_transform": [[-0.9472528696060181, -2.6480677206563996e-07, 0.0, -293.9944763183594], [3.6887388432660373e-07, -0.6800128221511841, 0.0, 1875.1414794921875], [0.0, 0.0, 0.7606926560401917, 393.7970275878906], [0.0, 0.0, 0.0, 1.0]], "original_world_bb": [[-787.4961547851562, 1502.1375732421875, 4.346564292907715], [817.9057006835938, 2248.145751953125, 496.1007385253906]], "computed_world_bb": [[-787.496154785108, 1502.137573242173, 4.346564292907715], [817.9057006835455, 2248.1457519531396, 496.1007385253906]], "current_world_bb": [[-787.4961547851562, 1502.1375732421875, 4.346527099609375], [817.9056396484375, 2248.145751953125, 496.1007385253906]], "original_lowbb": [[-817.9048286806593, -2248.1454455117505, 4.346564292907715], [787.4968849922246, -1502.1372668007273, 496.1007385253906]], "current_lowbb": [[-1173.8154296875, -548.5250854492188, -511.9682312011719], [520.9819946289062, 548.5250854492188, 134.48756408691406]]}}, "mpgavt": {"0": {"original_transform": [[7.907536314633035e-07, -1.0, 4.0387306832201375e-09, -3483.11669921875], [1.0, 7.907536314633035e-07, -3.1936409541081156e-15, -1770.20361328125], [0.0, 4.0387306832201375e-09, 1.0, 435.7780456542969], [0.0, 0.0, 0.0, 1.0]], "calculated_transform": [[8.909471394063056e-07, -1.1004559839371402, 4.784611160558211e-09, -3475.0220406341923], [1.126706351961473, 8.701895655638163e-07, -3.783448650351256e-15, -1934.0559662779544], [0.0, 4.444445347860135e-09, 1.1846819052431503, 452.23628303508247], [0.0, 0.0, 0.0, 1.0]], "current_transform": [[8.909471489459975e-07, -1.1004559993743896, 4.784610485586427e-09, -3475.02197265625], [1.1267063617706299, 8.701895808371773e-07, -3.5203959837309604e-15, -1934.055908203125], [-2.501790954356585e-16, 4.444444812179427e-09, 1.1846818923950195, 452.2362976074219], [0.0, 0.0, 0.0, 1.0]], "original_world_bb": [[-4321.66455078125, -2855.31591796875, 9.489696502685547], [-2644.56884765625, -685.0909423828125, 862.06640625]], "computed_world_bb": [[-4321.6645331060545, -2855.31559493869, 9.489689729348868], [-2644.5688653314455, -685.0912654128726, 862.0664130233366]], "current_world_bb": [[-4321.66455078125, -2855.3154296875, 9.48974609375], [-2644.56884765625, -685.0911865234375, 862.06640625]], "original_lowbb": [[-2855.3183587772946, 2644.5675946920223, 9.489679048650483], [-685.093704971737, 4321.663521710292, 862.0663955693035]], "current_lowbb": [[-817.6574096679688, -754.6445922851562, -373.72613525390625], [1108.5096435546875, 769.3563232421875, 345.9410705566406]]}}, "zrumze": {"0": {"original_transform": [[0.9999630451202393, 0.00859679002314806, 1.57247886818368e-05, -775.5902709960938], [-0.008596790954470634, 0.9999630451202393, 5.756424070568755e-05, -1457.2763671875], [-1.5229339624056593e-05, -5.7697296142578125e-05, 1.0, 474.04217529296875], [0.0, 0.0, 0.0, 1.0]], "calculated_transform": [[1.0743072504923161, 0.009839668039488948, 1.7552192198928492e-05, -1369.253241206084], [-0.009235936166265063, 1.1445323578970068, 6.425387651000438e-05, -1471.7491347056957], [-1.6361594619095764e-05, -6.603886285752989e-05, 1.1162116569094773, 535.7109005586467], [0.0, 0.0, 0.0, 1.0]], "current_transform": [[1.0743072032928467, 0.009839667938649654, 1.755219273036346e-05, -1369.2532958984375], [-0.009235935285687447, 1.144532322883606, 6.425387982744724e-05, -1471.7491455078125], [-1.6361593225155957e-05, -6.60388614051044e-05, 1.1162116527557373, 535.7108764648438], [0.0, 0.0, 0.0, 1.0]], "original_world_bb": [[-1874.220947265625, -2298.888671875, 10.473668098449707], [323.0402526855469, -615.6636352539062, 937.6107177734375]], "computed_world_bb": [[-1874.2209340131171, -2298.8879142478518, 10.471377751874456], [323.0402394330388, -615.6643928810544, 937.6130081200129]], "current_world_bb": [[-1874.220947265625, -2298.887939453125, 10.47137451171875], [323.0400390625, -615.6644287109375, 937.6129760742188]], "original_lowbb": [[-1854.5664857436925, -2296.2066319315577, 10.314604460409392], [328.51930552575277, -626.6516155754346, 937.5473851220838]], "current_lowbb": [[-463.54498291015625, -710.0546264648438, -470.6007385253906], [1568.4669189453125, 748.6138916015625, 360.095458984375]]}}, "jhymlr": {"0": {"original_transform": [[-0.9999986290931702, -0.0016673463396728039, -0.00010957860649796203, -5146.18994140625], [0.0016673477366566658, -0.9999986290931702, -1.2215077731525525e-05, -1605.99560546875], [-0.00010955808829749003, -1.239776611328125e-05, 1.0, 349.350830078125], [0.0, 0.0, 0.0, 1.0]], "calculated_transform": [[-1.3690517170718857, -0.0023101319133098067, -0.00020189536549256346, -5147.753863915414], [0.002282688411178864, -1.3855121984789744, -2.2505921697715257e-05, -1607.8046658074927], [-0.00014999089452633372, -1.7177279738167053e-05, 1.842470662386033, 355.81394130490577], [0.0, 0.0, 0.0, 1.0]], "current_transform": [[-1.3690516948699951, -0.00231021991930902, -0.00020189538190606982, -5147.75390625], [0.0022827754728496075, -1.3855122327804565, -2.250590841867961e-05, -1607.8046875], [-0.00014999091217759997, -1.7177280824398622e-05, 1.842470645904541, 355.8139343261719], [0.0, 0.0, 0.0, 1.0]], "original_world_bb": [[-5322.51123046875, -2080.3642578125, 3.8816168308258057], [-4984.970703125, -1131.6258544921875, 694.820068359375]], "computed_world_bb": [[-5322.525650809397, -2080.3662266940532, 3.8818374985553987], [-4984.956282784353, -1131.6238856106347, 694.8198476916455]], "current_world_bb": [[-5322.52587890625, -2080.3662109375, 3.881866455078125], [-4984.9560546875, -1131.6240234375, 694.81982421875]], "original_lowbb": [[4982.999913747623, 1140.4624375269152, 4.443061104253387], [5319.303939176048, 2088.674977227746, 695.4268035407947]], "current_lowbb": [[-118.34664154052734, -343.49603271484375, -191.02316284179688], [127.3004379272461, 340.8799133300781, 184.00790405273438]]}}, "spojpj": {"0": {"original_transform": [[-1.6292068494294654e-07, 1.0, 0.0, -7584.90576171875], [-1.0, -1.6292068494294654e-07, 0.0, 724.1309814453125], [0.0, 0.0, 1.0, 424.6063537597656], [0.0, 0.0, 0.0, 1.0]], "calculated_transform": [[-2.0073393586192075e-07, 1.2762273564955513, 0.0, -7596.688401236446], [-1.2320960713626763, -2.0792383506318123e-07, 0.0, 716.678560511821], [0.0, 0.0, 1.4180123901867963, 430.9766164504192], [0.0, 0.0, 0.0, 1.0]], "current_transform": [[-2.007339361398408e-07, 1.276227355003357, 0.0, -7596.6884765625], [-1.2320960760116577, -2.0792383281786897e-07, 0.0, 716.6785888671875], [0.0, 0.0, 1.4180123805999756, 430.97662353515625], [0.0, 0.0, 0.0, 1.0]], "original_world_bb": [[-7979.439453125, 419.9465637207031, 4.505971431732178], [-7190.37158203125, 978.05810546875, 844.706787109375]], "computed_world_bb": [[-7979.439455710561, 419.94655534429666, 4.505971431732178], [-7190.371579445689, 978.0581138451564, 844.706787109375]], "current_world_bb": [[-7979.439453125, 419.94659423828125, 4.5059814453125], [-7190.37158203125, 978.05810546875, 844.706787109375]], "original_lowbb": [[-978.0568110454388, -7979.4395323164235, 4.505971431732178], [-419.9453219565791, -7190.371658637099, 844.706787109375]], "current_lowbb": [[-212.1421356201172, -299.9081726074219, -300.7524108886719], [240.83511352539062, 318.3734130859375, 291.7676696777344]]}, "1": {"original_transform": [[-1.6292068494294654e-07, 1.0, 0.0, -6744.91357421875], [-1.0, -1.6292068494294654e-07, 0.0, 724.1309814453125], [0.0, 0.0, 1.0, 424.6063537597656], [0.0, 0.0, 0.0, 1.0]], "calculated_transform": [[-2.0073358652124902e-07, 1.3731552164289633, 0.0, -6757.591111857883], [-1.2320939271249949, -2.237153883935867e-07, 0.0, 716.6790159984539], [0.0, 0.0, 1.4180123837487069, 430.9766183288456], [0.0, 0.0, 0.0, 1.0]], "current_transform": [[-2.0073358086847293e-07, 1.3731552362442017, 0.0, -6757.59130859375], [-1.2320939302444458, -2.2371538932475232e-07, 0.0, 716.6790161132812], [0.0, 0.0, 1.4180123805999756, 430.97662353515625], [0.0, 0.0, 0.0, 1.0]], "original_world_bb": [[-7169.41162109375, 419.9475402832031, 4.505975246429443], [-6320.4150390625, 978.05810546875, 844.706787109375]], "computed_world_bb": [[-7169.411623679306, 419.9475266351126, 4.505975246429443], [-6320.415036476945, 978.0581191168405, 844.706787109375]], "current_world_bb": [[-7169.41162109375, 419.9475402832031, 4.5059814453125], [-6320.4150390625, 978.05810546875, 844.706787109375]], "original_lowbb": [[-978.0569527115771, -7169.411700285179, 4.505975246429443], [-419.9464349136036, -6320.41511566836, 844.706787109375]], "current_lowbb": [[-212.1421356201172, -299.9081726074219, -300.7524108886719], [240.83511352539062, 318.3734130859375, 291.7676696777344]]}}, "ctclvd": {"0": {"original_transform": [[-1.0, -8.742277657347586e-08, 5.9773264320746224e-15, -5980.22021484375], [8.742277657347586e-08, -1.0, 6.837264265868725e-08, -2195.20068359375], [0.0, 6.837264265868725e-08, 1.0, 2.372974157333374], [0.0, 0.0, 0.0, 1.0]], "calculated_transform": [[-0.7687710350888698, -8.89787591186162e-08, 1.4679473558252939e-15, -5980.221435546875], [6.720809843673403e-08, -1.0177983656676999, 1.6791360482488615e-08, -2195.200439453125], [0.0, 6.958956395439353e-08, 0.24558595118679785, 2.3729740977287292], [0.0, 0.0, 0.0, 1.0]], "current_transform": [[-0.7687710523605347, -1.5368328831755207e-07, 2.535424991565718e-15, -5980.2216796875], [1.1608120331629834e-07, -1.0177984237670898, 1.679135941401455e-08, -2195.200439453125], [0.0, 6.95895678859415e-08, 0.24558594822883606, 2.372974157333374], [0.0, 0.0, 0.0, 1.0]], "original_world_bb": [[-6278.4931640625, -2818.599365234375, 0.4167712926864624], [-5681.94970703125, -1571.801513671875, 4.329176902770996]], "computed_world_bb": [[-6278.493164062501, -2818.599365501853, 0.41670665622915615], [-5681.949707031249, -1571.8015134043972, 4.329241539228303]], "current_world_bb": [[-6278.4931640625, -2818.599365234375, 0.4167066812515259], [-5681.9501953125, -1571.801513671875, 4.329241752624512]], "original_lowbb": [[5681.949460621467, 1571.8020104322238, 0.4165785775617356], [6278.493026651212, 2818.5999144136167, 4.329069434513798]], "current_lowbb": [[-387.9851989746094, -612.4974975585938, -7.9656243324279785], [387.9851989746094, 612.4974975585938, 7.9656243324279785]]}, "1": {"original_transform": [[-0.0008420823724009097, -0.9999996423721313, 6.837262844783254e-08, -745.3981323242188], [0.9999996423721313, -0.0008420823724009097, 5.757540277873119e-11, -209.67823791503906], [0.0, 6.837264976411461e-08, 1.0, 2.372974157333374], [0.0, 0.0, 0.0, 1.0]], "calculated_transform": [[-0.0007753219264835035, -1.3286888551080585, 1.6791475368782985e-08, -745.3981666564941], [0.9207194861426811, -0.0011188658634296565, 1.4139810471446499e-11, -209.67833709716797], [0.0, 9.084601022485073e-08, 0.24558769227899066, 2.3729742020368576], [0.0, 0.0, 0.0, 1.0]], "current_transform": [[-0.0007753731333650649, -1.3286888599395752, 1.679147487720911e-08, -745.398193359375], [0.9207194447517395, -0.0011189398355782032, 1.4141615829743603e-11, -209.6783447265625], [-3.271053836256528e-15, 9.084600094411144e-08, 0.24558769166469574, 2.372974157333374], [0.0, 0.0, 0.0, 1.0]], "original_world_bb": [[-1559.517578125, -567.5891723632812, 0.4167705476284027], [68.72124481201172, 148.2324981689453, 4.3291778564453125]], "computed_world_bb": [[-1559.5175786785903, -567.5891723964426, 0.4166798722821088], [68.72124536560204, 148.23249820210668, 4.329268531791606]], "current_world_bb": [[-1559.517578125, -567.5892333984375, 0.41667985916137695], [68.72125244140625, 148.23251342773438, 4.329268455505371]], "original_lowbb": [[-566.276235834054, -68.24441835948473, 0.4166639277722993], [148.1750835374165, 1559.3933562971706, 4.3291825224970335]], "current_lowbb": [[-387.9851989746094, -612.4974975585938, -7.9656243324279785], [387.9851989746094, 612.4974975585938, 7.9656243324279785]]}, "2": {"original_transform": [[-1.6292068494294654e-07, 1.0, -6.837264265868725e-08, -514.798583984375], [-1.0, -1.6292068494294654e-07, 1.1139317583847095e-14, 3009.2158203125], [0.0, 6.837264265868725e-08, 1.0, 2.372974157333374], [0.0, 0.0, 0.0, 1.0]], "calculated_transform": [[-1.7117315623675379e-07, 1.1480764495405529, -1.679141613745e-08, -514.7985458374023], [-1.0506533059119976, -1.8704540152601306e-07, 2.7356690182753993e-15, 3009.2159423828125], [0.0, 7.849702082929061e-08, 0.24558676518139477, 2.3729740232229233], [0.0, 0.0, 0.0, 1.0]], "current_transform": [[-1.7117315564973978e-07, 1.1480764150619507, -1.679141625743341e-08, -514.7985229492188], [-1.050653338432312, -1.8704540138969605e-07, 2.735669086010792e-15, 3009.2158203125], [0.0, 7.849701688655841e-08, 0.24558676779270172, 2.372973918914795], [0.0, 0.0, 0.0, 1.0]], "original_world_bb": [[-1217.992431640625, 2601.578125, 0.41677019000053406], [188.3953399658203, 3416.853759765625, 4.3291778564453125]], "computed_world_bb": [[-1217.9924319081224, 2601.5781250000095, 0.41669464202362483], [188.3953402333176, 3416.8537597656155, 4.3292534044222215]], "current_world_bb": [[-1217.992431640625, 2601.577880859375, 0.41669440269470215], [188.3953857421875, 3416.853759765625, 4.329253196716309]], "original_lowbb": [[-3416.8537904590503, -1217.9929882882248, 0.4167573089422548], [-2601.5779265638444, 188.39491641088432, 4.3292611338446525]], "current_lowbb": [[-387.9851989746094, -612.4974975585938, -7.9656243324279785], [387.9851989746094, 612.4974975585938, 7.9656243324279785]]}}, "tpuwys": {"0": {"original_transform": [[1.0, 0.0, 0.0, -7149.80029296875], [0.0, 1.0, 0.0, 729.1364135742188], [0.0, 0.0, 1.0, 860.3641357421875], [0.0, 0.0, 0.0, 1.0]], "calculated_transform": [[1.6202418374136704, 0.0, 0.0, -7149.80029296875], [0.0, 1.1044762808586146, 0.0, 729.1364135742188], [0.0, 0.0, 0.5838613785788095, 860.3641357421875], [0.0, 0.0, 0.0, 1.0]], "current_transform": [[1.6202418804168701, 0.0, 0.0, -7149.80029296875], [0.0, 1.1044763326644897, 0.0, 729.1364135742188], [0.0, 0.0, 0.5838613510131836, 860.3641357421875], [0.0, 0.0, 0.0, 1.0]], "original_world_bb": [[-7977.31982421875, 421.4903564453125, 851.0953369140625], [-6322.28076171875, 1036.782470703125, 869.6329345703125]], "computed_world_bb": [[-7977.31982421875, 421.4903564453125, 851.0953369140625], [-6322.28076171875, 1036.782470703125, 869.6329345703125]], "current_world_bb": [[-7977.31982421875, 421.4903564453125, 851.0953369140625], [-6322.28076171875, 1036.782470703125, 869.6329345703125]], "original_lowbb": [[-7977.31982421875, 421.4903564453125, 851.0953369140625], [-6322.28076171875, 1036.782470703125, 869.6329345703125]], "current_lowbb": [[-510.73828125, -278.54473876953125, -15.874999046325684], [510.73828125, 278.54473876953125, 15.874999046325684]]}}, "lvgliq": {"0": {"original_transform": [[0.0012232698500156403, -0.009942799806594849, 0.9999498128890991, -6229.71728515625], [0.0014619185822084546, 0.9999494552612305, 0.009941041469573975, 1667.906982421875], [-0.9999982118606567, 0.0014496847288683057, 0.0012377436505630612, 1100.0001220703125], [0.0, 0.0, 0.0, 1.0]], "calculated_transform": [[0.0014581374211515097, -0.009756511744282426, 0.9584233118333597, -6228.219537073597], [0.0017426066630904478, 0.9812144259090192, 0.009528172896842945, 1666.2733702162402], [-1.191997672287906, 0.0014225232993791699, 0.0011863418752748583, 1115.2967069077135], [0.0, 0.0, 0.0, 1.0]], "current_transform": [[0.001458026235923171, -0.009760634042322636, 0.9584232568740845, -6228.2197265625], [0.0017425637925043702, 0.9812143445014954, 0.009532231837511063, 1666.2733154296875], [-1.1919976472854614, 0.001422483823262155, 0.0011862580431625247, 1115.2967529296875], [0.0, 0.0, 0.0, 1.0]], "original_world_bb": [[-6299.63037109375, 1282.4215087890625, 12.706356048583984], [-6159.80712890625, 2053.39501953125, 2187.29345703125]], "computed_world_bb": [[-6299.64107374997, 1281.8633287356324, 12.707378070299], [-6159.796426250029, 2053.95319958468, 2187.292435009535]], "current_world_bb": [[-6299.642578125, 1281.863525390625, 12.7076416015625], [-6159.7978515625, 2053.952880859375, 2187.29248046875]], "original_lowbb": [[-2193.1053136262876, 1343.748186288833, -6278.667910098392], [-17.255117310436287, 2118.9706727418657, -6138.499847005641]], "current_lowbb": [[-899.8555297851562, -393.3546142578125, -71.68144989013672], [925.5223999023438, 396.6697998046875, 74.55980682373047]]}, "1": {"original_transform": [[-0.0014617713168263435, -0.9999495148658752, -0.00994214415550232, -2495.3701171875], [0.0012232600711286068, -0.009943902492523193, 0.9999498128890991, 1429.863037109375], [-0.9999982118606567, 0.0014495361829176545, 0.0012377339880913496, 1100.0001220703125], [0.0, 0.0, 0.0, 1.0]], "calculated_transform": [[-0.0017423624476401972, -0.9243506370543153, -0.008169937909320659, -2493.82737650868], [0.001458068295018655, -0.00919211666895471, 0.8217095643491528, 1431.4039823300568], [-1.1919506916007878, 0.0013399472946583437, 0.0010171088997613382, 1115.2961175371], [0.0, 0.0, 0.0, 1.0]], "current_transform": [[-0.001742436783388257, -0.924350917339325, -0.008142168633639812, -2493.827392578125], [0.001458201091736555, -0.00916082039475441, 0.8217098712921143, 1431.4039306640625], [-1.1919506788253784, 0.0013400425668805838, 0.0010171605972573161, 1115.296142578125], [0.0, 0.0, 0.0, 1.0]], "original_world_bb": [[-2858.4736328125, 1369.937744140625, 12.70660400390625], [-2132.266357421875, 1489.786376953125, 2187.29345703125]], "computed_world_bb": [[-2859.180502769078, 1369.8988938345346, 12.707504156595405], [-2131.5594874652966, 1489.8252272592154, 2187.292556878561]], "current_world_bb": [[-2859.182373046875, 1369.9078369140625, 12.7076416015625], [-2131.557861328125, 1489.8331298828125, 2187.29248046875]], "original_lowbb": [[-2182.4835037008834, 2117.471847810903, 1398.6010358791711], [-6.719065544647389, 2847.768292694688, 1518.774906754751]], "current_lowbb": [[-899.8555297851562, -393.3546142578125, -71.68144989013672], [925.5223999023438, 396.6697998046875, 74.55980682373047]]}, "2": {"original_transform": [[-0.0014617713168263435, -0.9999495148658752, -0.00994214415550232, -1405.370361328125], [0.0012232600711286068, -0.009943902492523193, 0.9999498128890991, 1429.863037109375], [-0.9999982118606567, 0.0014495361829176545, 0.0012377339880913496, 1100.0001220703125], [0.0, 0.0, 0.0, 1.0]], "calculated_transform": [[-0.0017423623613647898, -0.9243501748942357, -0.008169937909320675, -1403.827682451642], [0.001458068222820453, -0.009192112073047917, 0.8217095643491543, 1431.4038589941829], [-1.1919506325797546, 0.0013399466247067868, 0.0010171088997613402, 1115.296171140204], [0.0, 0.0, 0.0, 1.0]], "current_transform": [[-0.001742436783388257, -0.9243505001068115, -0.008142168633639812, -1403.82763671875], [0.001458201091736555, -0.009160816669464111, 0.8217098712921143, 1431.40380859375], [-1.1919506788253784, 0.0013400419848039746, 0.0010171605972573161, 1115.296142578125], [0.0, 0.0, 0.0, 1.0]], "original_world_bb": [[-1768.4739990234375, 1369.9376220703125, 12.70671272277832], [-1042.2666015625, 1489.7862548828125, 2187.29345703125]], "computed_world_bb": [[-1769.1806265292698, 1369.8987718414805, 12.707612121804232], [-1041.5599740566677, 1489.8251051116442, 2187.292557632224]], "current_world_bb": [[-1769.182373046875, 1369.90771484375, 12.7076416015625], [-1041.5582275390625, 1489.8330078125, 2187.29248046875]], "original_lowbb": [[-2184.07683388472, 1027.52737178162, 1387.7640141268496], [-8.312503464371016, 1757.8234515292224, 1507.9378850024298]], "current_lowbb": [[-899.8555297851562, -393.3546142578125, -71.68144989013672], [925.5223999023438, 396.6697998046875, 74.55980682373047]]}, "3": {"original_transform": [[0.001461927080526948, 0.9999490976333618, 0.00998467206954956, -2504.236328125], [-0.0012232597218826413, 0.009986400604248047, -0.9999493956565857, 2419.751708984375], [-0.9999982118606567, 0.0014496392104774714, 0.0012377968523651361, 1100.0001220703125], [0.0, 0.0, 0.0, 1.0]], "calculated_transform": [[0.0017424929698432465, 0.898757575398636, 0.0054846784315208084, -2505.7399612533814], [-0.0014580217399794016, 0.008975810084103827, -0.5492854864233787, 2417.876900150508], [-1.1919129737954752, 0.001302940621196241, 0.0006799382271077511, 1115.295612198718], [0.0, 0.0, 0.0, 1.0]], "current_transform": [[0.0017424817197024822, 0.898757815361023, 0.005471272859722376, -2505.739990234375], [-0.0014580944553017616, 0.008953845128417015, -0.5492855906486511, 2417.876953125], [-1.1919130086898804, 0.0013029586989432573, 0.0006799522088840604, 1115.295654296875], [0.0, 0.0, 0.0, 1.0]], "original_world_bb": [[-2857.392578125, 2379.802490234375, 12.70693588256836], [-2151.0791015625, 2459.701416015625, 2187.2939453125]], "computed_world_bb": [[-2858.1574500058537, 2379.6155410511283, 12.706794641665283], [-2150.3142296816463, 2459.8883651988713, 2187.294086553403]], "current_world_bb": [[-2858.158203125, 2379.610107421875, 12.706787109375], [-2150.3134765625, 2459.882080078125, 2187.294189453125]], "original_lowbb": [[-2194.4672358504667, -2833.387409821777, -2480.825151279467], [-18.771646574191518, -2123.3108285885446, -2400.4928855482613]], "current_lowbb": [[-899.8555297851562, -393.3546142578125, -71.68144989013672], [925.5223999023438, 396.6697998046875, 74.55980682373047]]}, "4": {"original_transform": [[0.001461927080526948, 0.9999490976333618, 0.00998467206954956, -1374.236328125], [-0.0012232597218826413, 0.009986400604248047, -0.9999493956565857, 2419.751708984375], [-0.9999982118606567, 0.0014496392104774714, 0.0012377968523651361, 1100.0001220703125], [0.0, 0.0, 0.0, 1.0]], "calculated_transform": [[0.0017424930709489664, 0.8987572666301173, 0.005484695619602554, -1375.7399607177495], [-0.001458021824579076, 0.00897580700046074, -0.549287207793913, 2417.8766593176247], [-1.1919130429545601, 0.0013029401735704777, 0.0006799403579225244, 1115.2955501476176], [0.0, 0.0, 0.0, 1.0]], "current_transform": [[0.0017424817197024822, 0.8987575173377991, 0.005471290089190006, -1375.739990234375], [-0.0014580944553017616, 0.008953842334449291, -0.5492873191833496, 2417.876708984375], [-1.1919130086898804, 0.00130295823328197, 0.0006799543625675142, 1115.2955322265625], [0.0, 0.0, 0.0, 1.0]], "original_world_bb": [[-1727.3927001953125, 2379.80224609375, 12.706809997558594], [-1021.0789794921875, 2459.701171875, 2187.2939453125]], "computed_world_bb": [[-1728.157327968615, 2379.6151717168595, 12.706668536466395], [-1020.3143517188851, 2459.8882462518905, 2187.2940867735924]], "current_world_bb": [[-1728.158203125, 2379.609619140625, 12.7066650390625], [-1020.3134765625, 2459.8818359375, 2187.2939453125]], "original_lowbb": [[-2192.8152584752747, -1703.444823154819, -2469.542543221865], [-17.119542957302503, -993.3684858686755, -2389.2100257425273]], "current_lowbb": [[-899.8555297851562, -393.3546142578125, -71.68144989013672], [925.5223999023438, 396.6697998046875, 74.55980682373047]]}, "5": {"original_transform": [[-0.0014617713168263435, -0.9999495148658752, -0.00994214415550232, -40.677337646484375], [0.0012232600711286068, -0.009943902492523193, 0.9999498128890991, 614.8462524414062], [-0.9999982118606567, 0.0014495361829176545, 0.0012377339880913496, 1000.0003051757812], [0.0, 0.0, 0.0, 1.0]], "calculated_transform": [[-0.0015844821415286073, -1.4147196171267928, -0.006307059023103615, -38.32122137848262], [0.0013259486725710262, -0.0140685441792196, 0.634346402594607, 617.9695192716308], [-1.083944725152919, 0.002050790736413745, 0.0007851915075633851, 1013.9088003210895], [0.0, 0.0, 0.0, 1.0]], "current_transform": [[-0.0015845497837290168, -1.414720058441162, -0.006285621784627438, -38.32122039794922], [0.0013260694686323404, -0.01402064599096775, 0.6343466639518738, 617.9695434570312], [-1.0839447975158691, 0.0020509366877377033, 0.0007852314156480134, 1013.9088134765625], [0.0, 0.0, 0.0, 1.0]], "original_world_bb": [[-597.7673950195312, 569.9024658203125, 11.551661491394043], [516.4126586914062, 659.7891845703125, 1988.448974609375]], "computed_world_bb": [[-597.719719257745, 568.4267407792692, 11.174542162393777], [516.36498292962, 661.2649096113558, 1988.8260939383752]], "current_world_bb": [[-597.7210693359375, 568.440673828125, 11.1744384765625], [516.3662109375, 661.277099609375, 1988.826171875]], "original_lowbb": [[-1988.4931184223326, -522.8488573844404, 572.9137969566162], [-9.880745835494892, 594.8706155933633, 665.6860683079586]], "current_lowbb": [[-899.8555297851562, -393.3546142578125, -71.68144989013672], [925.5223999023438, 396.6697998046875, 74.55980682373047]]}, "6": {"original_transform": [[-0.0014617713168263435, -0.9999495148658752, -0.00994214415550232, -3780.6142578125], [0.0012232600711286068, -0.009943902492523193, 0.9999498128890991, 569.840576171875], [-0.9999982118606567, 0.0014495361829176545, 0.0012377339880913496, 1000.0003051757812], [0.0, 0.0, 0.0, 1.0]], "calculated_transform": [[-0.0015843810354204452, -1.3138899993321205, -0.005643078458511591, -3778.4243985582475], [0.0013258640635329104, -0.01306585367055251, 0.5675650896246797, 572.7863078414339], [-1.083875558432922, 0.001904627183137082, 0.0007025298583549321, 1013.9079960127519], [0.0, 0.0, 0.0, 1.0]], "current_transform": [[-0.001584448735229671, -1.3138904571533203, -0.0056238980032503605, -3778.42431640625], [0.001325984951108694, -0.013021369464695454, 0.5675652623176575, 572.7863159179688], [-1.0838756561279297, 0.0019047626992687583, 0.000702565535902977, 1013.9080200195312], [0.0, 0.0, 0.0, 1.0]], "original_world_bb": [[-4297.912109375, 529.8905639648438, 11.55158519744873], [-3263.316650390625, 609.7899780273438, 1988.448974609375]], "computed_world_bb": [[-4297.864197513134, 528.2989040947318, 11.290768950361894], [-3263.3645622524905, 611.3816378974557, 1988.709790856462]], "current_world_bb": [[-4297.865234375, 528.3118286132812, 11.2906494140625], [-3263.363525390625, 611.3929443359375, 1988.7099609375]], "original_lowbb": [[-1983.0180726178344, 3257.177666403372, 569.5759436447729], [-4.531955664500438, 4295.235257339206, 652.5815416726688]], "current_lowbb": [[-899.8555297851562, -393.3546142578125, -71.68144989013672], [925.5223999023438, 396.6697998046875, 74.55980682373047]]}}, "ohagsq": {"0": {"original_transform": [[-3.0626603120254003e-07, -1.0, 3.2782554626464844e-07, -11359.216796875], [3.0626631541963434e-07, 3.2782554626464844e-07, 1.0, -3002.328369140625], [-1.0, 3.062661164676683e-07, 3.062662017327966e-07, 1100.0003662109375], [0.0, 0.0, 0.0, 1.0]], "calculated_transform": [[-2.2813793148368749e-07, -0.5172561599667602, 3.7808641810445086e-07, -11357.623626227878], [2.281381431973396e-07, 1.6956978319985516e-07, 1.1533155796815813, -3008.2465101680305], [-0.7449011912549164, 1.5841804316159854e-07, 3.532215973101108e-07, 1098.310125639721], [0.0, 0.0, 0.0, 1.0]], "current_transform": [[2.2813804889665334e-07, -0.5172560811042786, 4.124577799302642e-07, -11357.6240234375], [2.2813799205323448e-07, 1.8498521114906907e-07, 1.1533154249191284, -3008.24658203125], [-0.744901180267334, -1.5841803246985364e-07, 3.532215657742199e-07, 1098.3101806640625], [0.0, 0.0, 0.0, 1.0]], "original_world_bb": [[-12247.37109375, -3047.500732421875, 12.819964408874512], [-10471.0595703125, -2880.403564453125, 2187.18017578125]], "computed_world_bb": [[-12247.371117955996, -3047.501210967402, 12.81985789827877], [-10471.059546106504, -2880.4030859075974, 2187.1802822918457]], "current_world_bb": [[-12247.37109375, -3047.501220703125, 12.8204345703125], [-10471.060546875, -2880.4033203125, 2187.179931640625]], "original_lowbb": [[-2187.1776301849463, 10471.0592411211, -3047.5044523367383], [-12.81769082508906, 12247.370122833712, -2880.406999641475]], "current_lowbb": [[-1461.7642822265625, -1713.9742431640625, -34.035850524902344], [1457.226806640625, 1720.128662109375, 110.84856414794922]]}, "1": {"original_transform": [[-3.0626603120254003e-07, -1.0, 3.2782554626464844e-07, -5999.39208984375], [3.0626631541963434e-07, 3.2782554626464844e-07, 1.0, -3002.329345703125], [-1.0, 3.062661164676683e-07, 3.062662017327966e-07, 1000.0001831054688], [0.0, 0.0, 0.0, 1.0]], "calculated_transform": [[-2.073979636856967e-07, -0.36033604512517997, 3.780874521406004e-07, -5998.283260057203], [2.0739815615250855e-07, 1.1812736083200345e-07, 1.1533187339075575, -3008.2464468646394], [-0.6771823922860715, 1.1035872661813979e-07, 3.5322256334296186e-07, 998.4637543764171], [0.0, 0.0, 0.0, 1.0]], "current_transform": [[2.0739807382597064e-07, -0.3603360056877136, 4.1245891679864144e-07, -5998.283203125], [2.0739801698255178e-07, 1.288662048182232e-07, 1.1533186435699463, -3008.246337890625], [-0.6771823763847351, -1.1035871949616194e-07, 3.5322256053405e-07, 998.4637451171875], [0.0, 0.0, 0.0, 1.0]], "original_world_bb": [[-6618.10791015625, -3047.500732421875, 11.655301094055176], [-5380.67626953125, -2880.403076171875, 1988.3448486328125]], "computed_world_bb": [[-6618.107934362047, -3047.5011365329196, 11.655218178233781], [-5380.676245325454, -2880.402672060831, 1988.344931548634]], "current_world_bb": [[-6618.107421875, -3047.5009765625, 11.65557861328125], [-5380.6767578125, -2880.402587890625, 1988.3447265625]], "original_lowbb": [[-1988.3439551426777, 5380.6758794443585, -3047.502695605778], [-11.654586521685891, 6618.106938883604, -2880.4047859123307]], "current_lowbb": [[-1461.7642822265625, -1713.9742431640625, -34.035850524902344], [1457.226806640625, 1720.128662109375, 110.84856414794922]]}}, "tcxiue": {"0": {"original_transform": [[0.6178215146064758, 0.7863183617591858, 2.0692825231094503e-09, -11514.705078125], [-0.7863183617591858, 0.6178215146064758, -2.6336326452991443e-09, -1288.300048828125], [-3.349321042733777e-09, 0.0, 1.0, 400.5007019042969], [0.0, 0.0, 0.0, 1.0]], "calculated_transform": [[0.7956523520848184, 0.9378412738949503, 2.20291904560288e-09, -11485.511810298942], [-1.0126485388254551, 0.7368752206192216, -2.803715400118262e-09, -1328.8277071369807], [-4.313373850756432e-09, 0.0, 1.0645810407769953, 418.2359704072352], [0.0, 0.0, 0.0, 1.0]], "current_transform": [[0.7956523299217224, 0.9378412961959839, 2.2029189583605557e-09, -11485.51171875], [-1.0126484632492065, 0.7368752360343933, -2.8037154820026444e-09, -1328.8277587890625], [-4.31337365824902e-09, 1.3241621065801154e-16, 1.064581036567688, 418.2359619140625], [0.0, 0.0, 0.0, 1.0]], "original_world_bb": [[-12157.4609375, -1943.2109375, 5.022421360015869], [-10871.947265625, -633.3915405273438, 795.97900390625]], "computed_world_bb": [[-12157.461565328173, -1943.2111671291373, 5.022421360016267], [-10871.94663779683, -633.3913108982066, 795.9790039062495]], "current_world_bb": [[-12157.4619140625, -1943.211181640625, 5.0224609375], [-10871.9462890625, -633.3914184570312, 795.97900390625]], "original_lowbb": [[-6626.579448673883, -10306.601850676356, 5.0223993880643745], [-5607.95825172644, -9397.89239296382, 795.9789848420783]], "current_lowbb": [[-446.8467712402344, -380.9466247558594, -388.1466369628906], [344.1093444824219, 380.9466247558594, 354.827880859375]]}}, "idnnmz": {"0": {"original_transform": [[0.9999995827674866, -0.0009289979352615774, 1.1826141843584992e-07, -8113.31591796875], [0.0009289979352615774, 0.9999995827674866, 1.098646590369512e-10, -1330.3687744140625], [-1.1826146817384142e-07, 0.0, 1.0, 351.2510070800781], [0.0, 0.0, 0.0, 1.0]], "calculated_transform": [[1.4413738827947933, -0.0013035538961238629, 1.9285065196502166e-07, -8113.3159286252785], [0.0013390339197448136, 1.4031821845457104, 1.7915793223986855e-10, -1330.3681335548217], [-1.7045906268780583e-07, -1.7991516710221276e-26, 1.6307148973943297, 402.5744789085856], [0.0, 0.0, 0.0, 1.0]], "current_transform": [[1.4413739442825317, -0.0013035538140684366, 1.928506634385485e-07, -8113.31591796875], [0.0013390339445322752, 1.4031821489334106, 1.791579246068764e-10, -1330.3681640625], [-1.704590744111556e-07, 0.0, 1.6307148933410645, 402.5744934082031], [0.0, 0.0, 0.0, 1.0]], "original_world_bb": [[-8466.056640625, -2168.25439453125, 6.145599365234375], [-7760.5751953125, -492.48187255859375, 696.3564453125]], "computed_world_bb": [[-8466.05716501576, -2168.2545013773442, 6.145594740499803], [-7760.574670921739, -492.4817657124993, 696.3564499372346]], "current_world_bb": [[-8466.0576171875, -2168.254638671875, 6.145599365234375], [-7760.57470703125, -492.48175048828125, 696.3564453125]], "original_lowbb": [[-8466.512190854259, -2160.3900923475035, 6.1445981032904395], [-7762.5853597980295, -485.2705803636357, 696.3555272977486]], "current_lowbb": [[-244.1859588623047, -596.8999633789062, -243.10130310058594], [244.1859588623047, 596.8999633789062, 180.1553497314453]]}}, "skczfi": {"0": {"original_transform": [[0.9999818801879883, 0.006022416986525059, -1.7196486012949208e-08, -4550.44580078125], [-0.006022416986525059, 0.9999818801879883, -2.8553608899528626e-06, 84.79950714111328], [0.0, 2.8554127311508637e-06, 1.0, 348.8192138671875], [0.0, 0.0, 0.0, 1.0]], "calculated_transform": [[0.9020408074187206, 0.004227370603158231, -2.4654659287315176e-08, -4549.083568373066], [-0.00543256431818147, 0.7019264878961414, -4.093740537177448e-06, 71.63206637036694], [0.0, 2.0043261478836647e-06, 1.4337033646121555, 472.169947246828], [0.0, 0.0, 0.0, 1.0]], "current_transform": [[0.9020408391952515, 0.004227370489388704, -2.4654660535361472e-08, -4549.08349609375], [-0.005432564299553633, 0.7019265294075012, -4.093740699318005e-06, 71.63206481933594], [0.0, 2.004326233873144e-06, 1.4337034225463867, 472.1699523925781], [0.0, 0.0, 0.0, 1.0]], "original_world_bb": [[-4777.3154296875, -335.53240966796875, 4.130075931549072], [-4323.57666015625, 505.13037109375, 693.5083618164062]], "computed_world_bb": [[-4777.315501735059, -335.53242846699516, 4.130075933094361], [-4323.576588108692, 505.1303898927764, 693.508361814861]], "current_world_bb": [[-4777.3154296875, -335.532470703125, 4.13006591796875], [-4323.57666015625, 505.1304931640625, 693.5083618164062]], "original_lowbb": [[-4775.224500071218, -361.59319157148957, 4.12911446526756], [-4326.524079522894, 476.3826088950209, 693.509394314517]], "current_lowbb": [[-250.3078155517578, -578.15380859375, -326.45574951171875], [247.11123657226562, 615.6472778320312, 154.3831024169922]]}}, "fqluyq": {"0": {"original_transform": [[-4.371138828673793e-08, -1.0, 0.0, -10939.794921875], [1.0, -4.371138828673793e-08, 0.0, 529.62060546875], [0.0, 0.0, 1.0, 200.03988647460938], [0.0, 0.0, 0.0, 1.0]], "calculated_transform": [[-4.6384093077808255e-08, -1.3317437175916893, 0.0, -10928.892691994803], [1.0611443583886635, -5.8212366738074185e-08, 0.0, 528.1099283232456], [0.0, 0.0, 0.9723838481748195, 272.3581353524742], [0.0, 0.0, 0.0, 1.0]], "current_transform": [[-4.638409123458587e-08, -1.3317437171936035, 0.0, -10928.892578125], [1.0611443519592285, -5.821236825909182e-08, 0.0, 528.1099243164062], [0.0, 0.0, 0.9723838567733765, 272.3581237792969], [0.0, 0.0, 0.0, 1.0]], "original_world_bb": [[-11737.92578125, 251.28549194335938, 2.1031434535980225], [-10141.6630859375, 807.9557495117188, 397.97662353515625]], "computed_world_bb": [[-11737.92578125, 251.28549194333795, 2.1031434535980225], [-10141.663085937502, 807.9557495117402, 397.97662353515625]], "current_world_bb": [[-11737.92578125, 251.28549194335938, 2.103118896484375], [-10141.6630859375, 807.9557495117188, 397.97662353515625]], "original_lowbb": [[251.2859907234672, 10141.663062787035, 2.1031434535980225], [807.9562071188144, 11737.925758099535, 397.97662353515625]], "current_lowbb": [[-260.87347412109375, -591.126953125, -277.93035888671875], [263.72076416015625, 607.4990844726562, 129.1861114501953]]}}, "cybisc": {"0": {"original_transform": [[0.00018054782412946224, -0.9999420642852783, 0.01076008751988411, -4554.63720703125], [-0.014853665605187416, 0.010756218805909157, 0.9998317956924438, -2644.852294921875], [-0.9998896718025208, -0.0003403441805858165, -0.014850863255560398, 525.0548706054688], [0.0, 0.0, 0.0, 1.0]], "calculated_transform": [[0.00018051848306739634, -1.147456025850762, 0.08312525381543057, -4564.292051424522], [-0.014851251716642765, 0.012343003184746298, 7.724033178907946, -2703.7912581894334], [-0.9997271784295828, -0.00039055261958811986, -0.1147278555966734, 652.9510464319205], [0.0, 0.0, 0.0, 1.0]], "current_transform": [[0.00018051848746836185, -1.1474559307098389, 0.08312524855136871, -4564.2919921875], [-0.014851252548396587, 0.01234300248324871, 7.724032878875732, -2703.791259765625], [-0.999727189540863, -0.00039055259549058974, -0.11472785472869873, 652.9510498046875], [0.0, 0.0, 0.0, 1.0]], "original_world_bb": [[-4749.14404296875, -2839.12158203125, 5.566518783569336], [-4360.13037109375, -2450.583251953125, 1044.543212890625]], "computed_world_bb": [[-4750.901196602112, -2838.5399316501657, 2.880169298418423], [-4358.373217460389, -2451.164902334209, 1047.229562375776]], "current_world_bb": [[-4750.90087890625, -2838.5400390625, 2.880126953125], [-4358.373046875, -2451.1650390625, 1047.2296142578125]], "original_lowbb": [[-1006.0188269820459, 4329.537653694584, -2892.7529345969465], [35.44468818821449, 4720.405405700015, -2506.035912365236]], "current_lowbb": [[-392.6895446777344, -178.59246826171875, -16.971948623657227], [648.9432373046875, 162.02635192871094, 33.08635330200195]]}, "1": {"original_transform": [[0.00018054782412946224, -0.9999420642852783, 0.01076008751988411, -2324.580078125], [-0.014853665605187416, 0.010756218805909157, 0.9998317956924438, -2594.762939453125], [-0.9998896718025208, -0.0003403441805858165, -0.014850863255560398, 525.0548706054688], [0.0, 0.0, 0.0, 1.0]], "calculated_transform": [[0.0001806341784835904, -1.5588022342414833, 0.10448631852611057, -2337.6572544930045], [-0.014860769976042928, 0.016767789360264917, 9.708912201694933, -2670.0320824950923], [-1.0003679097830904, -0.0005305600234670822, -0.14420998088388864, 652.9975036593931], [0.0, 0.0, 0.0, 1.0]], "current_transform": [[0.00018063417519442737, -1.5588021278381348, 0.10448631644248962, -2337.6572265625], [-0.014860769733786583, 0.01676778867840767, 9.708911895751953, -2670.031982421875], [-1.0003678798675537, -0.0005305599770508707, -0.14420998096466064, 652.9974975585938], [0.0, 0.0, 0.0, 1.0]], "original_world_bb": [[-2588.909912109375, -2838.844970703125, 5.566632270812988], [-2060.250244140625, -2350.681396484375, 1044.54345703125]], "computed_world_bb": [[-2591.0869759846205, -2838.117810517256, 2.0874416370984363], [-2058.07318026538, -2351.4085566702443, 1048.0226476649646]], "current_world_bb": [[-2591.0869140625, -2838.11767578125, 2.08740234375], [-2058.0732421875, -2351.408447265625, 1048.022705078125]], "original_lowbb": [[-1006.3746851567416, 2029.8565210812787, -2868.6062264060424], [35.756310444281816, 2560.844647329748, -2382.5128178482837]], "current_lowbb": [[-392.6895446777344, -178.59246826171875, -16.971948623657227], [648.9432373046875, 162.02635192871094, 33.08635330200195]]}}, "rbqanz": {"0": {"original_transform": [[0.9999005198478699, 0.014102945104241371, 5.912682354392018e-06, -8320.96484375], [-0.014102945104241371, 0.9999005198478699, -1.5834737496334128e-05, -965.1608276367188], [-6.135410785645945e-06, 1.5749776139273308e-05, 1.0, 841.6009521484375], [0.0, 0.0, 0.0, 1.0]], "calculated_transform": [[0.9384303003832054, 0.026663461990636447, 6.974211522305008e-06, -8331.455934401436], [-0.01323594772455431, 1.8904426788606756, -1.8677615230639692e-05, -966.3871294741565], [-5.758228215967007e-06, 2.977701121670939e-05, 1.1795342417640127, 915.0072986507471], [0.0, 0.0, 0.0, 1.0]], "current_transform": [[0.9384303092956543, 0.026663461700081825, 6.974211373744765e-06, -8331.4