{"zrumze": {"0": {"original_transform": [[0.9999955296516418, -0.0029842182993888855, 1.5057095879456028e-05, -6255.466796875], [0.002984217368066311, 0.9999955296516418, 5.774248711531982e-05, -4799.1640625], [-1.5229345081024803e-05, -5.7697296142578125e-05, 1.0, 600.7900390625], [0.0, 0.0, 0.0, 1.0]], "calculated_transform": [[1.0715387588331933, -0.003786178580065325, 2.1229482206537845e-05, -6847.392655316007], [0.0031977188695835324, 1.2687281363003267, 8.141298290852677e-05, -4823.168779375972], [-1.6318906477160494e-05, -7.3202510246268e-05, 1.4099320244369777, 678.6877076002344], [0.0, 0.0, 0.0, 1.0]], "current_transform": [[1.0715388059616089, -0.0037861778400838375, 2.1229483536444604e-05, -6847.392578125], [0.0031977184116840363, 1.2687280178070068, 8.141298167174682e-05, -4823.1689453125], [-1.6318907000822946e-05, -7.320250733755529e-05, 1.409932017326355, 678.6876831054688], [0.0, 0.0, 0.0, 1.0]], "original_world_bb": [[-7346.89453125, -5725.4873046875, 15.22929573059082], [-5164.037109375, -3872.840576171875, 1186.350830078125]], "computed_world_bb": [[-7346.89454206568, -5725.4880320958, 15.230536782794502], [-5164.037098559321, -3872.8398487635736, 1186.3495890259214]], "current_world_bb": [[-7346.89453125, -5725.48828125, 15.23052978515625], [-5164.037109375, -3872.840087890625, 1186.3494873046875]], "original_lowbb": [[-7358.474512473754, -5703.62190719709, 14.791069764510617], [-5181.08530552302, -3852.9598731021647, 1186.0162432968684]], "current_lowbb": [[-463.54498291015625, -710.0546264648438, -470.6007385253906], [1568.4669189453125, 748.6138916015625, 360.095458984375]]}, "1": {"original_transform": [[1.7444280047129723e-06, -1.0, -5.7697270676726475e-05, 970.4429321289062], [1.0, 1.743549319144222e-06, 1.52294460349367e-05, 2810.38671875], [-1.5229345081024803e-05, -5.7697296142578125e-05, 1.0, 500.99169921875], [0.0, 0.0, 0.0, 1.0]], "calculated_transform": [[1.7435455762164689e-06, -0.9750760554931546, -6.779061949775043e-05, 989.2410189363578], [0.9994941445023128, 1.7000931863655958e-06, 1.789362942088532e-05, 2258.2044359353145], [-1.5221641233089392e-05, -5.625925193532538e-05, 1.1749363527998886, 565.905344967908], [0.0, 0.0, 0.0, 1.0]], "current_transform": [[1.7435455674785771e-06, -0.9750760793685913, -6.77906209602952e-05, 989.2410278320312], [0.9994941353797913, 1.7000932075461606e-06, 1.789362977433484e-05, 2258.204345703125], [-1.5221639841911383e-05, -5.625925405183807e-05, 1.1749364137649536, 565.9053344726562], [0.0, 0.0, 0.0, 1.0]], "original_world_bb": [[259.3092041015625, 1794.9012451171875, 13.024883270263672], [1681.577392578125, 3825.872314453125, 988.95849609375]], "computed_world_bb": [[259.3035407329372, 1794.9014316915427, 13.024883776882689], [1681.5830559467504, 3825.87212787877, 988.958495587131]], "current_world_bb": [[259.30352783203125, 1794.9013671875, 13.0247802734375], [1681.5831298828125, 3825.8720703125, 988.95849609375]], "original_lowbb": [[1794.8870162554786, -1681.630588087028, 12.956742189190292], [3825.871013957644, -259.31784084920554, 988.9719045138016]], "current_lowbb": [[-463.54498291015625, -710.0546264648438, -470.6007385253906], [1568.4669189453125, 748.6138916015625, 360.095458984375]]}, "2": {"original_transform": [[-0.9999920129776001, -0.004001454915851355, -1.546009116282221e-05, 603.3504638671875], [0.004001455847173929, -0.9999920129776001, -5.763589433627203e-05, 1021.9666137695312], [-1.5229339624056593e-05, -5.7697296142578125e-05, 1.0, 351.2943115234375], [0.0, 0.0, 0.0, 1.0]], "calculated_transform": [[-1.089206894888966, -0.0030089688052123116, -1.271534473159344e-05, 1205.1410422073368], [0.00435844810935829, -0.7519626726319657, -4.740336107437337e-05, 1032.880765335073], [-1.6588034212128994e-05, -4.338655954104574e-05, 0.8224624984866614, 396.73568624278477], [0.0, 0.0, 0.0, 1.0]], "current_transform": [[-1.0892069339752197, -0.003009016392752528, -1.2715347111225128e-05, 1205.1409912109375], [0.004358517471700907, -0.7519626617431641, -4.740336225950159e-05, 1032.8807373046875], [-1.658803375903517e-05, -4.338656071922742e-05, 0.8224624991416931, 396.7356872558594], [0.0, 0.0, 0.0, 1.0]], "original_world_bb": [[-505.4667053222656, 470.3010559082031, 9.717497825622559], [1712.167724609375, 1573.63232421875, 692.87109375]], "computed_world_bb": [[-505.46590920769563, 470.2989261996173, 9.71358157113525], [1712.1669284948052, 1573.634453927336, 692.8750100044873]], "current_world_bb": [[-505.4659423828125, 470.2989501953125, 9.71356201171875], [1712.1669921875, 1573.634521484375, 692.875]], "original_lowbb": [[-1705.9048510930068, -1571.6579055738925, 9.602524829747708], [507.39424251533393, -474.7848450147212, 692.8189961334351]], "current_lowbb": [[-463.54498291015625, -710.0546264648438, -470.6007385253906], [1568.4669189453125, 748.6138916015625, 360.095458984375]]}}, "bamfsz": {"0": {"original_transform": [[4.60545106761856e-06, -1.0, -1.2875560969405342e-05, -8485.2177734375], [1.0, 4.608127710525878e-06, -0.0002079009427689016, -3128.343505859375], [0.0002079010009765625, -1.2874603271484375e-05, 1.0, 502.000244140625], [0.0, 0.0, 0.0, 1.0]], "calculated_transform": [[5.378671159584263e-06, -1.4597430282493815, -2.3428736660796237e-05, -8496.533424639701], [1.1678923694146484, 6.726682298722935e-06, -0.00037830245210475555, -3123.2744305889228], [0.00024280599263419472, -1.8793612367025995e-05, 1.8196283722910183, 529.8127524595344], [0.0, 0.0, 0.0, 1.0]], "current_transform": [[5.378671176003991e-06, -1.4597430229187012, -2.342873631278053e-05, -8496.533203125], [1.167892336845398, 6.726682386215543e-06, -0.00037830244400538504, -3123.2744140625], [0.0002428059815429151, -1.8793612980516627e-05, 1.819628357887268, 529.812744140625], [0.0, 0.0, 0.0, 1.0]], "original_world_bb": [[-8799.4638671875, -3369.25634765625, 8.46461296081543], [-8170.97021484375, -2840.295654296875, 995.5357666015625]], "computed_world_bb": [[-8799.466194979363, -3369.311355286798, 8.464774087142132], [-8170.967887051886, -2840.240646666327, 995.5356054752358]], "current_world_bb": [[-8799.4658203125, -3369.311279296875, 8.4647216796875], [-8170.9677734375, -2840.240478515625, 995.5355834960938]], "original_lowbb": [[-3369.2945521948513, 8170.9418709913725, 9.16677220418713], [-2840.141159236069, 8799.450451724862, 996.3493924693128]], "current_lowbb": [[-210.6977081298828, -223.0326385498047, -286.54461669921875], [242.38632202148438, 207.52847290039062, 255.97418212890625]]}}, "kubcdk": {"0": {"original_transform": [[0.9999769926071167, 0.00643503200262785, 0.002157983835786581, -9088.4912109375], [-0.00644344137981534, 0.9999716281890869, 0.003912920132279396, 87.46697998046875], [-0.002132742665708065, -0.003926734905689955, 0.9999900460243225, 1201.9422607421875], [0.0, 0.0, 0.0, 1.0]], "calculated_transform": [[1.441078496923008, 0.017571129819847264, 0.005600208472157733, -9079.20555811323], [-0.009285718458808588, 2.7304652955678277, 0.010154464067894551, 89.57672292185009], [-0.003073520308711425, -0.010722117590204439, 2.595085671134533, 1224.9023352874162], [0.0, 0.0, 0.0, 1.0]], "current_transform": [[1.441078543663025, 0.017571130767464638, 0.005600208416581154, -9079.205078125], [-0.009285718202590942, 2.7304654121398926, 0.010154464282095432, 89.57672119140625], [-0.00307352002710104, -0.010722118429839611, 2.595085859298706, 1224.90234375], [0.0, 0.0, 0.0, 1.0]], "original_world_bb": [[-9254.697265625, -244.07034301757812, 15.224024772644043], [-8890.59375, 419.00506591796875, 2388.660400390625]], "computed_world_bb": [[-9257.106766958275, -243.65761635971018, 15.097896147005486], [-8888.184248666726, 418.5923392601008, 2388.7865290162636]], "current_world_bb": [[-9257.1064453125, -243.65762329101562, 15.0977783203125], [-8888.18359375, 418.5923156738281, 2388.78662109375]], "original_lowbb": [[-9261.462915835897, -312.5889833767116, -5.701041560629297], [-8891.390178995824, 361.10987180160004, 2371.038805510629]], "current_lowbb": [[-123.3775634765625, -124.12299346923828, -466.7801513671875], [133.4191436767578, 122.60408020019531, 449.072509765625]]}, "1": {"original_transform": [[-0.9999841451644897, -0.0052034794352948666, -0.0021531633101403713, -2689.12353515625], [0.005211882293224335, -0.99997878074646, -0.0039155748672783375, -6342.7333984375], [-0.002132742665708065, -0.003926734905689955, 0.9999900460243225, 1201.9422607421875], [0.0, 0.0, 0.0, 1.0]], "calculated_transform": [[-2.317522491056285, -0.015907381774182407, -0.0055895001529494516, -2703.1504668321904], [0.012078845943400989, -3.057001430208615, -0.010164630335252143, -6345.073777479038], [-0.004942757462020303, -0.012004288945130136, 2.595922501341431, 1224.905961057455], [0.0, 0.0, 0.0, 1.0]], "current_transform": [[-2.3175225257873535, -0.01590757817029953, -0.005589502863585949, -2703.150390625], [0.012078993953764439, -3.0570015907287598, -0.01016462966799736, -6345.07373046875], [-0.004942758474498987, -0.012004289776086807, 2.5959227085113525, 1224.906005859375], [0.0, 0.0, 0.0, 1.0]], "original_world_bb": [[-3009.717529296875, -6713.81640625, 15.224101066589355], [-2420.989501953125, -5971.64892578125, 2388.660400390625]], "computed_world_bb": [[-3010.571383314786, -6713.810898558456, 14.783023016971583], [-2420.1356479352135, -5971.654433472794, 2389.101478440243]], "current_world_bb": [[-3010.5712890625, -6713.81103515625, 14.7828369140625], [-2420.135498046875, -5971.654296875, 2389.1015625]], "original_lowbb": [[2380.865097871401, 5974.740461714898, 43.81917630568746], [2976.0066790598607, 6729.00150529253, 2421.325444201567]], "current_lowbb": [[-123.3775634765625, -124.12299346923828, -466.7801513671875], [133.4191436767578, 122.60408020019531, 449.072509765625]]}, "2": {"original_transform": [[-0.9999841451644897, -0.0052034794352948666, -0.0021531633101403713, -2689.12353515625], [0.005211882293224335, -0.99997878074646, -0.0039155748672783375, -2972.73388671875], [-0.002132742665708065, -0.003926734905689955, 0.9999900460243225, 1201.9422607421875], [0.0, 0.0, 0.0, 1.0]], "calculated_transform": [[-2.3175196290901807, -0.015907392072615534, -0.0055894990217050695, -2703.1506077728422], [0.012078831026934031, -3.05700340931022, -0.010164628278059076, -2975.07426733231], [-0.0049427513580863084, -0.012004296716702395, 2.595921975959435, 1224.9059516461475], [0.0, 0.0, 0.0, 1.0]], "current_transform": [[-2.3175196647644043, -0.015907587483525276, -0.005589501932263374, -2703.150634765625], [0.012078979052603245, -3.0570034980773926, -0.010164627805352211, -2975.07421875], [-0.004942752420902252, -0.012004297226667404, 2.5959222316741943, 1224.906005859375], [0.0, 0.0, 0.0, 1.0]], "original_world_bb": [[-3009.717529296875, -3343.816650390625, 15.224091529846191], [-2420.98974609375, -2601.649658203125, 2388.660400390625]], "computed_world_bb": [[-3010.5711433157676, -3343.811633662069, 14.783256661192354], [-2420.1361320748574, -2601.654674931681, 2389.101235259279]], "current_world_bb": [[-3010.5712890625, -3343.8115234375, 14.7830810546875], [-2420.13623046875, -2601.654541015625, 2389.1015625]], "original_lowbb": [[2398.4293827660877, 2604.812312703488, 30.623680059170216], [2993.5702289994224, 3359.073844589443, 2408.129466777746]], "current_lowbb": [[-123.3775634765625, -124.12299346923828, -466.7801513671875], [133.4191436767578, 122.60408020019531, 449.072509765625]]}}, "rvpunw": {"0": {"original_transform": [[-1.0, 1.104663510886894e-06, -1.0165739695366938e-05, 1434.9283447265625], [-1.104670104723482e-06, -1.0, 6.488701842499722e-07, -5100.2041015625], [-1.0165738785872236e-05, 6.488814392469067e-07, 1.0, 352.9785461425781], [0.0, 0.0, 0.0, 1.0]], "calculated_transform": [[-1.4479553265326834, 1.3178559112467921e-06, -1.715649081628777e-05, 1434.927932241907], [-1.5995129621957829e-06, -1.1929930709834071, 1.095083716022123e-06, -5100.2038542020755], [-1.4719535623143599e-05, 7.741110609112696e-07, 1.6876775970699383, 352.97852083442024], [0.0, 0.0, 0.0, 1.0]], "current_transform": [[-1.4479553699493408, 1.3178558901927317e-06, -1.7156491594505496e-05, 1434.927978515625], [-1.5995129842849565e-06, -1.1929930448532104, 1.095083689506282e-06, -5100.20361328125], [-1.4719536011398304e-05, 7.74111072132655e-07, 1.6876776218414307, 352.978515625], [0.0, 0.0, 0.0, 1.0]], "original_world_bb": [[1151.805908203125, -5508.42919921875, 8.011214256286621], [1718.0499267578125, -4691.978515625, 697.9458618164062]], "computed_world_bb": [[1151.8050944286933, -5508.4291951752675, 8.011211718848358], [1718.0507405322442, -4691.9785196684825, 697.9458643538445]], "current_world_bb": [[1151.80517578125, -5508.4287109375, 8.011199951171875], [1718.05078125, -4691.978515625, 697.94580078125]], "original_lowbb": [[-1718.0513325110035, 4691.980281458953, 7.9902948601888415], [-1151.8005149373212, 5508.431055244412, 697.9311083334949]], "current_lowbb": [[-195.5345916748047, -342.1858825683594, -204.4053497314453], [195.53466796875, 342.1858825683594, 204.4054412841797]]}, "1": {"original_transform": [[-1.0, 1.104663510886894e-06, -1.0165739695366938e-05, 1434.9281005859375], [-1.104670104723482e-06, -1.0, 6.488701842499722e-07, -2520.2041015625], [-1.0165738785872236e-05, 6.488814392469067e-07, 1.0, 352.9785461425781], [0.0, 0.0, 0.0, 1.0]], "calculated_transform": [[-1.4479556386769898, 1.3178555171723983e-06, -1.7156490816252973e-05, 1434.9278101715827], [-1.5995133070122665e-06, -1.1929927142463639, 1.0950837160199018e-06, -2520.2039762723875], [-1.471953879632108e-05, 7.741108294312236e-07, 1.6876775970665152, 352.9785208344332], [0.0, 0.0, 0.0, 1.0]], "current_transform": [[-1.44795560836792, 1.3178554354453809e-06, -1.7156491594505496e-05, 1434.9278564453125], [-1.5995133253454696e-06, -1.1929926872253418, 1.095083689506282e-06, -2520.203857421875], [-1.471953873988241e-05, 7.741107879155606e-07, 1.6876776218414307, 352.978515625], [0.0, 0.0, 0.0, 1.0]], "original_world_bb": [[1151.805908203125, -2928.42919921875, 8.011214256286621], [1718.0496826171875, -2111.978759765625, 697.9458618164062]], "computed_world_bb": [[1151.8049113248899, -2928.429195175441, 8.011211720077142], [1718.0506794954226, -2111.9787638089338, 697.9458643526158]], "current_world_bb": [[1151.804931640625, -2928.42919921875, 8.011199951171875], [1718.05078125, -2111.978515625, 697.94580078125]], "original_lowbb": [[-1718.0540604892913, 2111.9805256015607, 7.9919689478112], [-1151.8031208455661, 2928.43105524626, 697.9327824197178]], "current_lowbb": [[-195.5345916748047, -342.1858825683594, -204.4053497314453], [195.53466796875, 342.1858825683594, 204.4054412841797]]}}, "pluwfl": {"0": {"original_transform": [[5.52335052361741e-07, -1.0, 6.4208158789824665e-09, -9994.8564453125], [1.0, 5.52335052361741e-07, 1.9920966209951985e-08, -3123.849853515625], [-1.9920969762665663e-08, 6.42080477675222e-09, 1.0, 276.7620849609375], [0.0, 0.0, 0.0, 1.0]], "calculated_transform": [[6.443460330490681e-07, -1.3477305233848458, 5.7886633107820974e-09, -9967.464283818874], [1.1665854453630915, 7.443988093756718e-07, 1.7959675250918855e-08, -3109.1222926174833], [-2.3239513382644002e-08, 8.653514582324184e-09, 0.9015463936830597, 282.59037252484563], [0.0, 0.0, 0.0, 1.0]], "current_transform": [[6.443460165428405e-07, -1.3477305173873901, 5.788663770545099e-09, -9967.4638671875], [1.1665854454040527, 7.443987897204352e-07, 1.7959676412715453e-08, -3109.122314453125], [-2.3239513424755387e-08, 8.653515237710963e-09, 0.9015464186668396, 282.5903625488281], [0.0, 0.0, 0.0, 1.0]], "original_world_bb": [[-10489.525390625, -3368.529541015625, 4.949254035949707], [-9500.1865234375, -2840.3037109375, 548.5748901367188]], "computed_world_bb": [[-10489.52539366035, -3368.5294775234656, 4.949238626563215], [-9500.18652040215, -2840.303774429659, 548.5749055461052]], "current_world_bb": [[-10489.525390625, -3368.529541015625, 4.94921875], [-9500.1865234375, -2840.303955078125, 548.5748901367188]], "original_lowbb": [[-3368.53485414204, 9500.184925208585, 4.949119618096175], [-2840.308983875374, 10489.523803878279, 548.5747717818806]], "current_lowbb": [[-222.36444091796875, -346.7144470214844, -307.96099853515625], [230.43211364746094, 387.36322021484375, 295.03143310546875]]}, "1": {"original_transform": [[1.0, 4.76837158203125e-07, 1.9920966209951985e-08, -10814.1455078125], [-4.76837158203125e-07, 1.0, -6.420814102625627e-09, -2335.14599609375], [-1.9920969762665663e-08, 6.42080477675222e-09, 1.0, 276.7620849609375], [0.0, 0.0, 0.0, 1.0]], "calculated_transform": [[1.2106026050993168, 6.166825894263973e-07, 1.795967569167627e-08, -10798.864715534351], [-5.772603059288582e-07, 1.2932771254338344, -5.788661956065227e-09, -2361.4318657054764], [-2.411637789078777e-08, 8.303879944649941e-09, 0.9015463938700425, 282.5903724981407], [0.0, 0.0, 0.0, 1.0]], "current_transform": [[1.2106026411056519, 6.166825983200397e-07, 1.7959676412715453e-08, -10798.8642578125], [-5.772603230980167e-07, 1.2932771444320679, -5.78866199418826e-09, -2361.431884765625], [-2.4116378227745372e-08, 8.30388025008233e-09, 0.9015464186668396, 282.5903625488281], [0.0, 0.0, 0.0, 1.0]], "original_world_bb": [[-11068.0595703125, -2809.829833984375, 4.949254035949707], [-10519.9033203125, -1860.4639892578125, 548.5748901367188]], "computed_world_bb": [[-11068.059700444703, -2809.8298370194134, 4.949238537026474], [-10519.9031901803, -1860.4639862227743, 548.5749056356419]], "current_world_bb": [[-11068.0595703125, -2809.829833984375, 4.94921875], [-10519.90234375, -1860.464111328125, 548.5748901367188]], "original_lowbb": [[-11068.05869140624, -2809.834876577072, 4.949045531483682], [-10519.902002869274, -1860.4690212483908, 548.5746978080174]], "current_lowbb": [[-222.36444091796875, -346.7144470214844, -307.96099853515625], [230.43211364746094, 387.36322021484375, 295.03143310546875]]}}, "ctclvd": {"0": {"original_transform": [[1.0, 9.5367431640625e-07, -6.520523324841238e-14, -9894.4638671875], [-9.5367431640625e-07, 1.0, -6.837264265868725e-08, -1145.20361328125], [0.0, 6.837264265868725e-08, 1.0, 4.372974395751953], [0.0, 0.0, 0.0, 1.0]], "calculated_transform": [[0.6022045308442074, 8.619353895696775e-07, -1.601344478482248e-14, -9894.46435546875], [-5.74306994289596e-07, 0.9038047630534142, -1.6791313878690018e-08, -1145.2027893066406], [0.0, 6.17955200974706e-08, 0.24558526957231522, 4.372973799705505], [0.0, 0.0, 0.0, 1.0]], "current_transform": [[0.6022045016288757, 8.619354048278183e-07, -1.601344416497872e-14, -9894.46484375], [-5.743069664276845e-07, 0.9038047790527344, -1.6791313228736726e-08, -1145.2027587890625], [0.0, 6.17955180359786e-08, 0.24558526277542114, 4.372973918914795], [0.0, 0.0, 0.0, 1.0]], "original_world_bb": [[-10128.111328125, -1698.7811279296875, 2.416771650314331], [-9660.8173828125, -591.6244506835938, 6.32917594909668]], "computed_world_bb": [[-10128.111070835486, -1698.7809472593015, 2.416716561464092], [-9660.817640102014, -591.6246313539798, 6.3292310379469185]], "current_world_bb": [[-10128.111328125, -1698.781005859375, 2.4167165756225586], [-9660.818359375, -591.6245727539062, 6.329231262207031]], "original_lowbb": [[-10128.109708036929, -1698.7903410389458, 2.4168121018964546], [-9660.816818590714, -591.6340297349321, 6.329292099878701]], "current_lowbb": [[-387.9851989746094, -612.4974975585938, -7.9656243324279785], [387.9851989746094, 612.4974975585938, 7.9656243324279785]]}, "1": {"original_transform": [[0.9999537467956543, 0.009615750052034855, -6.574542577020281e-10, -2853.51708984375], [-0.009615750052034855, 0.9999537467956543, -6.836948074351312e-08, 3648.476318359375], [0.0, 6.837264265868725e-08, 1.0, 4.372974395751953], [0.0, 0.0, 0.0, 1.0]], "calculated_transform": [[0.5646514478693898, 0.006004471551649691, -1.614600987342387e-10, -2853.516845703125], [-0.005429798334803577, 0.6244124268110979, -1.6790435464067845e-08, 3648.476318359375], [0.0, 4.2694702496797976e-08, 0.24558377093012107, 4.3729740381240845], [0.0, 0.0, 0.0, 1.0]], "current_transform": [[0.5646514296531677, 0.00600447179749608, -1.6146009529371952e-10, -2853.516845703125], [-0.005429798271507025, 0.6244124174118042, -1.6790435708458062e-08, 3648.476318359375], [-1.567295171678929e-17, 4.269470466056191e-08, 0.24558377265930176, 4.372973918914795], [0.0, 0.0, 0.0, 1.0]], "original_world_bb": [[-3076.270751953125, 3263.918701171875, 2.4167721271514893], [-2630.762939453125, 4033.033935546875, 6.32917594909668]], "computed_world_bb": [[-3076.2707326117393, 3263.9187404164622, 2.4167404365759464], [-2630.7629587945107, 4033.0338963022878, 6.329207639672223]], "current_world_bb": [[-3076.270751953125, 3263.918701171875, 2.4167401790618896], [-2630.762939453125, 4033.033935546875, 6.329207420349121]], "original_lowbb": [[-3107.554291110961, 3238.400091281474, 2.4164984083790495], [-2669.3812246147836, 4003.3375539051026, 6.328954531119841]], "current_lowbb": [[-387.9851989746094, -612.4974975585938, -7.9656243324279785], [387.9851989746094, 612.4974975585938, 7.9656243324279785]]}, "2": {"original_transform": [[0.9999563097953796, 0.009345395490527153, -6.389694329200779e-10, -2556.207275390625], [-0.009345395490527153, 0.9999563097953796, -6.836966548462442e-08, 5074.07470703125], [0.0, 6.837264976411461e-08, 1.0, 4.372974395751953], [0.0, 0.0, 0.0, 1.0]], "calculated_transform": [[0.453867503638579, 0.0061495813709840025, -1.5692062804712842e-10, -2556.207275390625], [-0.004241756645016563, 0.658004543601044, -1.6790490280677116e-08, 5074.07470703125], [0.0, 4.4991479889792824e-08, 0.24558391760419487, 4.372974276542664], [0.0, 0.0, 0.0, 1.0]], "current_transform": [[0.45386749505996704, 0.006149581167846918, -1.5692061539063218e-10, -2556.207275390625], [-0.00424175662919879, 0.6580045223236084, -1.6790490775520084e-08, 5074.07470703125], [0.0, 4.4991477210487574e-08, 0.2455839216709137, 4.372974395751953], [0.0, 0.0, 0.0, 1.0]], "original_world_bb": [[-2736.067626953125, 4669.40283203125, 2.4167726039886475], [-2376.346923828125, 5478.74658203125, 6.32917594909668]], "computed_world_bb": [[-2736.067558386841, 4669.402992409401, 2.4167380998864187], [-2376.346992394409, 5478.746421653099, 6.329210453198908]], "current_world_bb": [[-2736.067626953125, 4669.40283203125, 2.4167380332946777], [-2376.346923828125, 5478.74658203125, 6.3292107582092285]], "original_lowbb": [[-2779.6163256903274, 4646.920622503919, 2.416399767370051], [-2427.41319785961, 5453.008096345479, 6.328858226811985]], "current_lowbb": [[-387.9851989746094, -612.4974975585938, -7.9656243324279785], [387.9851989746094, 612.4974975585938, 7.9656243324279785]]}, "3": {"original_transform": [[0.7351167798042297, 0.6779405474662781, -4.635259287510962e-08, -2224.41796875], [-0.6779405474662781, 0.7351167798042297, -5.026188176771029e-08, 8469.443359375], [0.0, 6.837264976411461e-08, 1.0, 4.372974395751953], [0.0, 0.0, 0.0, 1.0]], "calculated_transform": [[0.687785983715035, 0.7546313121529735, -1.1383572290477195e-08, -2224.4175415039062], [-0.6342910666024774, 0.8182754995295929, -1.2343641394691038e-08, 8469.4443359375], [0.0, 7.610717871899524e-08, 0.24558654961862397, 4.372974276542664], [0.0, 0.0, 0.0, 1.0]], "current_transform": [[0.6877860426902771, 0.7546313405036926, -1.1383571418832616e-08, -2224.41748046875], [-0.6342911124229431, 0.818275511264801, -1.234364077618011e-08, 8469.4443359375], [0.0, 7.610717034367553e-08, 0.2455865442752838, 4.372974395751953], [0.0, 0.0, 0.0, 1.0]], "original_world_bb": [[-2953.4775390625, 7722.1572265625, 2.4167706966400146], [-1495.3575439453125, 9216.7314453125, 6.3291778564453125]], "computed_world_bb": [[-2953.4778197573883, 7722.157294154504, 2.4166980761890553], [-1495.3572632504242, 9216.731377720496, 6.329250476896272]], "current_world_bb": [[-2953.477783203125, 7722.1572265625, 2.4166979789733887], [-1495.357177734375, 9216.7314453125, 6.329250812530518]], "original_lowbb": [[-7739.9907265225775, 4036.222484768935, 2.41640149850978], [-7013.981477759223, 5399.792807324347, 6.3289018892280735]], "current_lowbb": [[-387.9851989746094, -612.4974975585938, -7.9656243324279785], [387.9851989746094, 612.4974975585938, 7.9656243324279785]]}}, "tpuwys": {"0": {"original_transform": [[1.0, 0.0, 0.0, -10804.796875], [0.0, 1.0, 0.0, -2611.8427734375], [0.0, 0.0, 1.0, 562.3641967773438], [0.0, 0.0, 0.0, 1.0]], "calculated_transform": [[0.5368281975387957, 0.0, 0.0, -10804.796875], [0.0, 2.743376229299313, 0.0, -2611.8428344726562], [0.0, 0.0, 0.5838613785788095, 562.3641967773438], [0.0, 0.0, 0.0, 1.0]], "current_transform": [[0.5368282198905945, 0.0, 0.0, -10804.796875], [0.0, 2.7433762550354004, 0.0, -2611.8427734375], [0.0, 0.0, 0.5838613510131836, 562.3641967773438], [0.0, 0.0, 0.0, 1.0]], "original_world_bb": [[-11078.9755859375, -3375.995849609375, 553.0953979492188], [-10530.6181640625, -1847.6898193359375, 571.6329956054688]], "computed_world_bb": [[-11078.9755859375, -3375.995849609375, 553.0953979492188], [-10530.6181640625, -1847.6898193359375, 571.6329956054688]], "current_world_bb": [[-11078.9755859375, -3375.995849609375, 553.0953979492188], [-10530.6181640625, -1847.689697265625, 571.6329956054688]], "original_lowbb": [[-11078.9755859375, -3375.995849609375, 553.0953979492188], [-10530.6181640625, -1847.6898193359375, 571.6329956054688]], "current_lowbb": [[-510.73828125, -278.54473876953125, -15.874999046325684], [510.73828125, 278.54473876953125, 15.874999046325684]]}, "1": {"original_transform": [[1.0, 0.0, 0.0, -10014.798828125], [0.0, 1.0, 0.0, -3115.76806640625], [0.0, 0.0, 1.0, 562.3641967773438], [0.0, 0.0, 0.0, 1.0]], "calculated_transform": [[1.0053308247099404, 0.0, 0.0, -10014.798828125], [0.0, 0.9441496407392548, 0.0, -3115.7681884765625], [0.0, 0.0, 0.5838613785788095, 562.3641967773438], [0.0, 0.0, 0.0, 1.0]], "current_transform": [[1.0053308010101318, 0.0, 0.0, -10014.798828125], [0.0, 0.9441496133804321, 0.0, -3115.76806640625], [0.0, 0.0, 0.5838613510131836, 562.3641967773438], [0.0, 0.0, 0.0, 1.0]], "original_world_bb": [[-10528.259765625, -3378.756103515625, 553.0953979492188], [-9501.337890625, -2852.7802734375, 571.6329956054688]], "computed_world_bb": [[-10528.259765625, -3378.756103515625, 553.0953979492188], [-9501.337890625, -2852.7802734375, 571.6329956054688]], "current_world_bb": [[-10528.259765625, -3378.755859375, 553.0953979492188], [-9501.337890625, -2852.7802734375, 571.6329956054688]], "original_lowbb": [[-10528.259765625, -3378.756103515625, 553.0953979492188], [-9501.337890625, -2852.7802734375, 571.6329956054688]], "current_lowbb": [[-510.73828125, -278.54473876953125, -15.874999046325684], [510.73828125, 278.54473876953125, 15.874999046325684]]}, "2": {"original_transform": [[1.0, 0.0, 0.0, 615.19775390625], [0.0, 1.0, 0.0, 1414.44482421875], [0.0, 0.0, 1.0, 2117.473388671875], [0.0, 0.0, 0.0, 1.0]], "calculated_transform": [[2.1765895735818246, 0.0, 0.0, 615.1977386474609], [0.0, 0.5878663191983131, 0.0, 1414.44482421875], [0.0, 0.0, 0.8801904441166942, 2117.4735107421875], [0.0, 0.0, 0.0, 1.0]], "current_transform": [[2.1765894889831543, 0.0, 0.0, 615.19775390625], [0.0, 0.5878663063049316, 0.0, 1414.44482421875], [0.0, 0.0, 0.8801904320716858, 2117.4736328125], [0.0, 0.0, 0.0, 1.0]], "original_world_bb": [[-496.4698791503906, 1250.69775390625, 2103.50048828125], [1726.8653564453125, 1578.19189453125, 2131.446533203125]], "computed_world_bb": [[-496.4698791503906, 1250.69775390625, 2103.50048828125], [1726.8653564453125, 1578.19189453125, 2131.446533203125]], "current_world_bb": [[-496.4698486328125, 1250.69775390625, 2103.50048828125], [1726.8653564453125, 1578.19189453125, 2131.44677734375]], "original_lowbb": [[-496.4698791503906, 1250.69775390625, 2103.50048828125], [1726.8653564453125, 1578.19189453125, 2131.446533203125]], "current_lowbb": [[-510.73828125, -278.54473876953125, -15.874999046325684], [510.73828125, 278.54473876953125, 15.874999046325684]]}}, "lvgliq": {"0": {"original_transform": [[0.0012232696171849966, -0.009942978620529175, 0.9999498128890991, 1795.2679443359375], [0.0014619188150390983, 0.9999495148658752, 0.0099412202835083, 7200.78759765625], [-0.9999982118606567, 0.0014496847288683057, 0.0012377436505630612, 1102.0001220703125], [0.0, 0.0, 0.0, 1.0]], "calculated_transform": [[0.0014585904012727048, -0.01582565140148581, 0.7677022031157418, 1798.6952643430002], [0.001743148624882031, 1.5915605419101955, 0.007632254321475063, 7198.138220918609], [-1.1923682012689427, 0.0023073773888730286, 0.0009502662155196062, 1117.300135779773], [0.0, 0.0, 0.0, 1.0]], "current_transform": [[0.0014584795571863651, -0.015832386910915375, 0.7677022218704224, 1798.6953125], [0.0017431055894121528, 1.5915604829788208, 0.007635551504790783, 7198.13818359375], [-1.1923682689666748, 0.0023073130287230015, 0.0009501992608420551, 1117.3001708984375], [0.0, 0.0, 0.0, 1.0]], "original_world_bb": [[1740.33349609375, 6574.060546875, 14.706350326538086], [1850.1949462890625, 7827.5146484375, 2189.29443359375]], "computed_world_bb": [[1739.1090227405068, 6574.108010605594, 14.249986996237112], [1851.4194196423055, 7827.467184706906, 2189.750796924051]], "current_world_bb": [[1739.107177734375, 6574.1083984375, 14.25], [1851.4178466796875, 7827.466796875, 2189.7509765625]], "original_lowbb": [[-2177.5386126006993, 6555.453983967005, 1815.5929320420148], [-1.0120596316285626, 7812.889148236545, 1927.868301082845]], "current_lowbb": [[-899.8555297851562, -393.3546142578125, -71.68144989013672], [925.5223999023438, 396.6697998046875, 74.55980682373047]]}, "1": {"original_transform": [[0.0012232698500156403, -0.009942799806594849, 0.9999498128890991, 1795.265380859375], [0.0014619185822084546, 0.9999494552612305, 0.009941041469573975, 5080.7880859375], [-0.9999982118606567, 0.0014496847288683057, 0.0012377436505630612, 1102.0001220703125], [0.0, 0.0, 0.0, 1.0]], "calculated_transform": [[0.0014585900766969787, -0.015825349157352706, 0.7677158421576403, 1798.6950400610624], [0.001743147627582667, 1.591558673348748, 0.007632253086301417, 5078.138712308167], [-1.192367708985902, 0.002307374652660806, 0.0009502830749403429, 1117.2995687307648], [0.0, 0.0, 0.0, 1.0]], "current_transform": [[0.0014584788586944342, -0.01583203673362732, 0.7677158117294312, 1798.695068359375], [0.0017431046580895782, 1.591558575630188, 0.007635504473000765, 5078.138671875], [-1.192367672920227, 0.002307310700416565, 0.0009502159082330763, 1117.299560546875], [0.0, 0.0, 0.0, 1.0]], "original_world_bb": [[1740.3333740234375, 4454.06201171875, 14.706205368041992], [1850.19482421875, 5707.51416015625, 2189.29345703125]], "computed_world_bb": [[1739.107913878413, 4454.109236014812, 14.24987697391498], [1851.4202843637743, 5707.466935860188, 2189.749785425377]], "current_world_bb": [[1739.1060791015625, 4454.109375, 14.2498779296875], [1851.418701171875, 5707.466796875, 2189.75]], "original_lowbb": [[-2180.6369070071937, 4435.56234303611, 1794.5145187489966], [-4.111252642474336, 5692.996028793711, 1906.7918822816218]], "current_lowbb": [[-899.8555297851562, -393.3546142578125, -71.68144989013672], [925.5223999023438, 396.6697998046875, 74.55980682373047]]}, "2": {"original_transform": [[0.00012207866529934108, 0.6966899633407593, -0.7173724174499512, -8579.5673828125], [-0.0019022859632968903, -0.7173709869384766, -0.6966888904571533, -1065.2628173828125], [-0.9999982118606567, 0.0014496983494609594, 0.0012377278180792928, 1102.0001220703125], [0.0, 0.0, 0.0, 1.0]], "calculated_transform": [[0.00014550453499004475, 0.5947981152793851, -0.43904108972967354, -8581.198223760086], [-0.002267318649240649, -0.6124545112449641, -0.4263824828770553, -1064.8415972818186], [-1.1918894628384051, 0.0012376779930757373, 0.0007575052164518123, 1117.2946808464317], [0.0, 0.0, 0.0, 1.0]], "current_transform": [[0.00014549704792443663, 0.5947705507278442, -0.4390603005886078, -8581.1982421875], [-0.0022673571947962046, -0.6124813556671143, -0.4263627529144287, -1064.841552734375], [-1.1918895244598389, 0.001237741787917912, 0.0007574817864224315, 1117.294677734375], [0.0, 0.0, 0.0, 1.0]], "original_world_bb": [[-8837.2236328125, -1333.294677734375, 14.705965995788574], [-8321.9140625, -797.23095703125, 2189.293212890625]], "computed_world_bb": [[-8838.394027192802, -1333.5555197556014, 14.706718838659526], [-8320.743668119698, -796.9701150100234, 2189.2924600477536]], "current_world_bb": [[-8838.3837890625, -1333.56494140625, 14.7066650390625], [-8320.75390625, -796.9608154296875, 2189.29248046875]], "original_lowbb": [[-2188.8448106010696, -5548.7541641805865, 6856.042380342203], [-13.192137784960398, -4874.271840590756, 6945.543902130789]], "current_lowbb": [[-899.8555297851562, -393.3546142578125, -71.68144989013672], [925.5223999023438, 396.6697998046875, 74.55980682373047]]}, "3": {"original_transform": [[0.0012232698500156403, -0.009942799806594849, 0.9999498128890991, -2014.757080078125], [0.0014619185822084546, 0.9999494552612305, 0.009941041469573975, 3230.173828125], [-0.9999982118606567, 0.0014496847288683057, 0.0012377436505630612, 1102.0001220703125], [0.0, 0.0, 0.0, 1.0]], "calculated_transform": [[0.0014578030493464292, -0.00605613398197943, 0.4795170333421915, -2013.579322246821], [0.0017422070584118827, 0.6090666607190252, 0.004767122360500344, 3229.1489734487864], [-1.191724330140895, 0.0008829991619265258, 0.000593548935567128, 1117.2932017729177], [0.0, 0.0, 0.0, 1.0]], "current_transform": [[0.001457691891118884, -0.0060586933977901936, 0.47951698303222656, -2013.579345703125], [0.0017421641387045383, 0.6090666055679321, 0.004769152961671352, 3229.14892578125], [-1.1917243003845215, 0.0008829747093841434, 0.0005935069639235735, 1117.293212890625], [0.0, 0.0, 0.0, 1.0]], "original_world_bb": [[-2049.71337890625, 2991.420654296875, 14.706305503845215], [-1979.8017578125, 3468.92724609375, 2189.29345703125]], "computed_world_bb": [[-2049.7664236175224, 2989.8772131217365, 14.708736813541918], [-1979.7487131012278, 3470.4706872688885, 2189.291025721553]], "current_world_bb": [[-2049.76708984375, 2989.87744140625, 14.708740234375], [-1979.7493896484375, 3470.470458984375, 2189.291015625]], "original_lowbb": [[-2187.4158582977198, 3011.039734524601, -2014.371407074986], [-12.064615610773933, 3492.241558173725, -1944.2427145090821]], "current_lowbb": [[-899.8555297851562, -393.3546142578125, -71.68144989013672], [925.5223999023438, 396.6697998046875, 74.55980682373047]]}, "4": {"original_transform": [[-0.0012160905171185732, 0.014819055795669556, -0.9998894333839417, -1564.8543701171875], [-0.0014677413273602724, -0.9998891353607178, -0.014817357063293457, 2249.228759765625], [-0.9999982118606567, 0.0014495598152279854, 0.0012377062812447548, 1102.0001220703125], [0.0, 0.0, 0.0, 1.0]], "calculated_transform": [[-0.0014495063598021108, 0.013510574449617667, -0.7533493881182368, -1566.4695972386085], [-0.001749458908366496, -0.9116017100443821, -0.011163812532651826, 2250.7459008987244], [-1.191937398967012, 0.001321567785602783, 0.0009325283034832913, 1117.2962071504385], [0.0, 0.0, 0.0, 1.0]], "current_transform": [[-0.0014495040522888303, 0.013540488667786121, -0.7533490061759949, -1566.4696044921875], [-0.0017495101783424616, -0.9116012454032898, -0.01118860300630331, 2250.745849609375], [-1.1919374465942383, 0.0013215697836130857, 0.0009325632127001882, 1117.2962646484375], [0.0, 0.0, 0.0, 1.0]], "original_world_bb": [[-1618.66064453125, 1890.8841552734375, 14.706822395324707], [-1508.64208984375, 2607.5732421875, 2189.2939453125]], "computed_world_bb": [[-1618.7192874719713, 1890.3323208124154, 14.707514841002876], [-1508.5834469030285, 2608.125076648522, 2189.2932528668216]], "current_world_bb": [[-1618.711669921875, 1890.330810546875, 14.70751953125], [-1508.5748291015625, 2608.12646484375, 2189.29345703125]], "original_lowbb": [[-2191.266759562678, -2630.7053933757516, 1480.3207064698333], [-15.526585530661768, -1910.437938434712, 1590.5036482099383]], "current_lowbb": [[-899.8555297851562, -393.3546142578125, -71.68144989013672], [925.5223999023438, 396.6697998046875, 74.55980682373047]]}, "5": {"original_transform": [[-0.0012160905171185732, 0.014819055795669556, -0.9998894333839417, -1564.8543701171875], [-0.0014677413273602724, -0.9998891353607178, -0.014817357063293457, 1139.2286376953125], [-0.9999982118606567, 0.0014495598152279854, 0.0012377062812447548, 1102.0001220703125], [0.0, 0.0, 0.0, 1.0]], "calculated_transform": [[-0.0014495062651351009, 0.013510573301000587, -0.75334938915126, -1566.4697189798437], [-0.001749458794109637, -0.9116016325435106, -0.011163812547960096, 1140.7460228390835], [-1.191937321121786, 0.0013215676732481723, 0.0009325283047620118, 1117.2960330597166], [0.0, 0.0, 0.0, 1.0]], "current_transform": [[-0.0014495039358735085, 0.013540487736463547, -0.7533490061759949, -1566.4697265625], [-0.0017495100619271398, -0.911601185798645, -0.01118860300630331, 1140.7459716796875], [-1.1919373273849487, 0.001321569667197764, 0.0009325632127001882, 1117.2960205078125], [0.0, 0.0, 0.0, 1.0]], "original_world_bb": [[-1618.6607666015625, 780.88427734375, 14.706720352172852], [-1508.6422119140625, 1497.5733642578125, 2189.293701171875]], "computed_world_bb": [[-1618.719409596038, 780.332473302992, 14.707412753721883], [-1508.5835689195872, 1498.1251682985708, 2189.2930087703257]], "current_world_bb": [[-1618.7117919921875, 780.3310546875, 14.7073974609375], [-1508.574951171875, 1498.1265869140625, 2189.29296875]], "original_lowbb": [[-2189.637323071514, -1520.8284433573106, 1496.7679938175775], [-13.897291136712344, -800.5610496506398, 1606.9509357087697]], "current_lowbb": [[-899.8555297851562, -393.3546142578125, -71.68144989013672], [925.5223999023438, 396.6697998046875, 74.55980682373047]]}, "6": {"original_transform": [[0.0012232698500156403, -0.009942799806594849, 0.9999498128890991, -7409.740234375], [0.0014619185822084546, 0.9999494552612305, 0.009941041469573975, -1949.6685791015625], [-0.9999982118606567, 0.0014496847288683057, 0.0012377436505630612, 1102.0001220703125], [0.0, 0.0, 0.0, 1.0]], "calculated_transform": [[0.001458017997721625, -0.008563083619247907, 0.6849851932236335, -7408.174215361189], [0.0017424639412443258, 0.8611911098651815, 0.006809785688880381, -1951.1077614207281], [-1.191900046063948, 0.001248518556855195, 0.000847878602942128, 1117.2955172696884], [0.0, 0.0, 0.0, 1.0]], "current_transform": [[0.0014579067938029766, -0.008566702716052532, 0.6849851608276367, -7408.17431640625], [0.0017424210673198104, 0.8611910939216614, 0.00681268610060215, -1951.1077880859375], [-1.1919000148773193, 0.0012484840117394924, 0.00084781862096861, 1117.2955322265625], [0.0, 0.0, 0.0, 1.0]], "original_world_bb": [[-7459.67822265625, -2287.9013671875, 14.706650733947754], [-7359.80419921875, -1611.434326171875, 2189.293701171875]], "computed_world_bb": [[-7459.7443571739805, -2288.7741044745176, 14.707533706756521], [-7359.738064701019, -1610.5615888848574, 2189.2928181990665]], "current_world_bb": [[-7459.74560546875, -2288.77392578125, 14.70751953125], [-7359.7392578125, -1610.561767578125, 2189.29296875]], "original_lowbb": [[-2201.7485624085552, -2214.496465598155, -7474.91985933629], [-26.07657117103864, -1534.1001160617734, -7374.7417370014855]], "current_lowbb": [[-899.8555297851562, -393.3546142578125, -71.68144989013672], [925.5223999023438, 396.6697998046875, 74.55980682373047]]}, "7": {"original_transform": [[-0.0012350539909675717, 0.001801997423171997, -0.999997615814209, -2354.85107421875], [-0.001451820251531899, -0.9999973177909851, -0.0018002688884735107, -2000.3033447265625], [-0.9999982118606567, 0.0014495934592559934, 0.0012376669328659773, 1102.0001220703125], [0.0, 0.0, 0.0, 1.0]], "calculated_transform": [[-0.0014721157594588573, 0.0016876522986445678, -0.6169215934763155, -2356.7211843886344], [-0.0017304891023486822, -0.9365428331874315, -0.0011105872704218096, -1998.729986677577], [-1.1919423263087148, 0.0013576099375375095, 0.0007635452145525277, 1117.2959451083943], [0.0, 0.0, 0.0, 1.0]], "current_transform": [[-0.0014721908373758197, 0