{"fdjykf": {"0": {"original_transform": [[1.0, 4.76837158203125e-07, 0.0, -7970.3359375], [-4.76837158203125e-07, 1.0, 0.0, 4287.173828125], [0.0, 0.0, 1.0, 250.22364807128906], [0.0, 0.0, 0.0, 1.0]], "calculated_transform": [[0.9472531330809199, 3.242555390739349e-07, 0.0, -7661.136592315941], [-4.516854920773124e-07, 0.6800131522799807, 0.0, 4287.174185244624], [0.0, 0.0, 0.7606926534138936, 393.7970365489449], [0.0, 0.0, 0.0, 1.0]], "current_transform": [[0.9472531080245972, 3.2425555218651425e-07, 0.0, -7661.13671875], [-4.516854801295267e-07, 0.6800131797790527, 0.0, 4287.17431640625], [0.0, 0.0, 0.7606926560401917, 393.7970275878906], [0.0, 0.0, 0.0, 1.0]], "original_world_bb": [[-8773.037109375, 3914.169677734375, 4.346564292907715], [-7167.634765625, 4660.17822265625, 496.1007385253906]], "computed_world_bb": [[-8773.037109375038, 3914.169677734343, 4.346564292907715], [-7167.634765624963, 4660.178222656281, 496.1007385253906]], "current_world_bb": [[-8773.037109375, 3914.169921875, 4.346527099609375], [-7167.634765625, 4660.17822265625, 496.1007385253906]], "original_lowbb": [[-8773.038980029341, 3914.166259668555, 4.346564292907715], [-7167.63680990797, 4660.174804590578, 496.1007385253906]], "current_lowbb": [[-1173.8154296875, -548.5250854492188, -511.9682312011719], [520.9819946289062, 548.5250854492188, 134.48756408691406]]}}, "mpgavt": {"0": {"original_transform": [[-1.1165949445057777e-06, 1.0, -4.038731127309347e-09, -4283.47265625], [-1.0, -1.1165949445057777e-06, 4.5096267045879445e-15, 8193.517578125], [0.0, 4.038731127309347e-09, 1.0, 435.7780456542969], [0.0, 0.0, 0.0, 1.0]], "calculated_transform": [[-1.2580748271822069e-06, 1.1004563781446126, -4.784611686659708e-09, -4291.5670260317665], [-1.1267065406059584, -1.2287640284854127e-06, 5.34247322074749e-15, 8357.369656017385], [0.0, 4.444447428658753e-09, 1.184681905243155, 452.2362830350825], [0.0, 0.0, 0.0, 1.0]], "current_transform": [[-1.258074917132035e-06, 1.1004563570022583, -4.7846118178540564e-09, -4291.56689453125], [-1.126706600189209, -1.2287639492569724e-06, 5.342473120525156e-15, 8357.3701171875], [0.0, 4.444447476714686e-09, 1.1846818923950195, 452.2362976074219], [0.0, 0.0, 0.0, 1.0]], "original_world_bb": [[-5122.0205078125, 7108.404296875, 9.489696502685547], [-3444.92431640625, 9278.6298828125, 862.06640625]], "computed_world_bb": [[-5122.020894129171, 7108.404470166679, 9.489689729345628], [-3444.923930089579, 9278.629709520823, 862.0664130233399]], "current_world_bb": [[-5122.0205078125, 7108.40478515625, 9.48974609375], [-3444.923828125, 9278.6298828125, 862.06640625]], "original_lowbb": [[-9278.625059659138, -5122.0297570164485, 9.489710415844614], [-7108.400042492113, -3444.933229225109, 862.066426936501]], "current_lowbb": [[-817.6574096679688, -754.6445922851562, -373.72613525390625], [1108.5096435546875, 769.3563232421875, 345.9410705566406]]}}, "zrumze": {"0": {"original_transform": [[-0.9999630451202393, -0.008597115986049175, -1.5724808690720238e-05, -6991.0078125], [0.00859711691737175, -0.9999630451202393, -5.7564237067708746e-05, 7619.591796875], [-1.5229340533551294e-05, -5.7697296142578125e-05, 1.0, 474.04217529296875], [0.0, 0.0, 0.0, 1.0]], "calculated_transform": [[-1.0743074290842507, -0.009840039928065515, -1.7552214107822398e-05, -6397.344814276372], [0.009236287898947104, -1.1445322182857385, -6.425387059758912e-05, 7634.064730119763], [-1.6361598316146527e-05, -6.60388548020395e-05, 1.1162116568664948, 535.7109005548102], [0.0, 0.0, 0.0, 1.0]], "current_transform": [[-1.0743074417114258, -0.009840112179517746, -1.7552216377225704e-05, -6397.3447265625], [0.009236356243491173, -1.1445322036743164, -6.425386527553201e-05, 7634.06494140625], [-1.6361596863134764e-05, -6.603885412914678e-05, 1.1162116527557373, 535.7108764648438], [0.0, 0.0, 0.0, 1.0]], "original_world_bb": [[-8089.638671875, 6777.97900390625, 10.473668098449707], [-5892.376953125, 8461.205078125, 937.6107177734375]], "computed_world_bb": [[-8089.638850368969, 6777.980119815945, 10.471377775555197], [-5892.37677463103, 8461.203962215306, 937.6130080963321]], "current_world_bb": [[-8089.638671875, 6777.98046875, 10.47137451171875], [-5892.37646484375, 8461.2041015625, 937.6129760742188]], "original_lowbb": [[5964.722987188768, -8391.524090574421, 10.082003778011224], [8147.809147490197, -6721.969273193813, 937.3147844039802]], "current_lowbb": [[-463.54498291015625, -710.0546264648438, -470.6007385253906], [1568.4669189453125, 748.6138916015625, 360.095458984375]]}}, "jhymlr": {"0": {"original_transform": [[0.9999986290931702, 0.0016676721861585975, 0.0001095785919460468, -2620.40234375], [-0.0016676735831424594, 0.9999986290931702, 1.2215041351737455e-05, 7768.310546875], [-0.00010955806646961719, -1.239776611328125e-05, 1.0, 349.350830078125], [0.0, 0.0, 0.0, 1.0]], "calculated_transform": [[1.3690427313449158, 0.0023105837210759517, 0.000201895332448915, -2618.8400600048367], [-0.002283119527201268, 1.3855124040742228, 2.2505855960151146e-05, 7770.119912167479], [-0.0001499898801825837, -1.717728228709239e-05, 1.8424706619275133, 355.81394142010123], [0.0, 0.0, 0.0, 1.0]], "current_transform": [[1.3690427541732788, 0.0023103414569050074, 0.0002018953236984089, -2618.840087890625], [-0.0022828802466392517, 1.3855124711990356, 2.2505890228785574e-05, 7770.1201171875], [-0.00014998987899161875, -1.7177282643388025e-05, 1.842470645904541, 355.8139343261719], [0.0, 0.0, 0.0, 1.0]], "original_world_bb": [[-2781.6220703125, 7293.94091796875, 3.8816170692443848], [-2444.083984375, 8242.6796875, 694.820068359375]], "computed_world_bb": [[-2781.6367332432387, 7293.939011323713, 3.88183758932621], [-2444.0693214442617, 8242.681594145037, 694.8198478392932]], "current_world_bb": [[-2781.63671875, 7293.939453125, 3.881866455078125], [-2444.0693359375, 8242.681640625, 694.81982421875]], "original_lowbb": [[-2793.8591150921443, 7289.818895103364, 3.6672818876801716], [-2457.557296801659, 8238.031576024046, 694.6510241522607]], "current_lowbb": [[-118.34664154052734, -343.49603271484375, -191.02316284179688], [127.3004379272461, 340.8799133300781, 184.00790405273438]]}}, "spojpj": {"0": {"original_transform": [[4.887620548288396e-07, -1.0, 0.0, -181.68359375], [1.0, 4.887620548288396e-07, 0.0, 5438.185546875], [0.0, 0.0, 1.0, 424.6063537597656], [0.0, 0.0, 0.0, 1.0]], "calculated_transform": [[6.022008048785637e-07, -1.2762273648593738, 0.0, -169.9005435999477], [1.2320940198384454, 6.237715092774628e-07, 0.0, 5445.63733359617], [0.0, 0.0, 1.4180123901867963, 430.9766164504192], [0.0, 0.0, 0.0, 1.0]], "current_transform": [[6.805287284805672e-07, -1.276227355003357, 0.0, -169.90054321289062], [1.2320940494537354, 7.04905119164323e-07, 0.0, 5445.63720703125], [0.0, 0.0, 1.4180123805999756, 430.97662353515625], [0.0, 0.0, 0.0, 1.0]], "original_world_bb": [[-576.21728515625, 5184.25830078125, 4.505971431732178], [212.8505859375, 5742.36865234375, 844.706787109375]], "computed_world_bb": [[-576.2172929129615, 5184.258092546963, 4.505971431732178], [212.85059369421145, 5742.368860578036, 844.706787109375]], "current_world_bb": [[-576.21728515625, 5184.2578125, 4.5059814453125], [212.8505859375, 5742.36865234375, 844.706787109375]], "original_lowbb": [[5184.258021825415, -212.84781160567928, 4.505971431732178], [5742.368581620532, 576.2200672449262, 844.706787109375]], "current_lowbb": [[-212.1421356201172, -299.9081726074219, -300.7524108886719], [240.83511352539062, 318.3734130859375, 291.7676696777344]]}, "1": {"original_transform": [[4.887620548288396e-07, -1.0, 0.0, -1021.67578125], [1.0, 4.887620548288396e-07, 0.0, 5438.185546875], [0.0, 0.0, 1.0, 424.6063537597656], [0.0, 0.0, 0.0, 1.0]], "calculated_transform": [[6.022009134975738e-07, -1.3731552247923866, 0.0, -1008.9978329786032], [1.2320942420713479, 6.711461692684841e-07, 0.0, 5445.637092364288], [0.0, 0.0, 1.4180123837487069, 430.9766183288456], [0.0, 0.0, 0.0, 1.0]], "current_transform": [[6.805288421674049e-07, -1.3731552362442017, 0.0, -1008.997802734375], [1.2320942878723145, 7.584417858197412e-07, 0.0, 5445.63720703125], [0.0, 0.0, 1.4180123805999756, 430.97662353515625], [0.0, 0.0, 0.0, 1.0]], "original_world_bb": [[-1446.173828125, 5184.2578125, 4.505975246429443], [-597.17724609375, 5742.36865234375, 844.706787109375]], "computed_world_bb": [[-1446.1738358815855, 5184.257790165482, 4.505975246429443], [-597.1772383371643, 5742.368674678268, 844.706787109375]], "current_world_bb": [[-1446.173828125, 5184.2578125, 4.5059814453125], [-597.1771850585938, 5742.36865234375, 844.706787109375]], "original_lowbb": [[5184.257511976824, 597.1800204254739, 4.505975246429443], [5742.36817243839, 1446.1766102133336, 844.706787109375]], "current_lowbb": [[-212.1421356201172, -299.9081726074219, -300.7524108886719], [240.83511352539062, 318.3734130859375, 291.7676696777344]]}}, "ctclvd": {"0": {"original_transform": [[1.0, 6.516827397717861e-07, -4.455727711165196e-14, -1786.37109375], [-6.516827397717861e-07, 1.0, -6.837264976411461e-08, 8357.517578125], [0.0, 6.837264976411461e-08, 1.0, 2.372974157333374], [0.0, 0.0, 0.0, 1.0]], "calculated_transform": [[0.7687706832138398, 6.632818065435035e-07, -1.0942640940990369e-14, -1786.370361328125], [-5.00994585093023e-07, 1.01779864044854, -1.6791362227611538e-08, 8357.51708984375], [0.0, 6.958958997378004e-08, 0.24558595118879853, 2.3729740977287292], [0.0, 0.0, 0.0, 1.0]], "current_transform": [[0.768770694732666, 4.853242216995568e-07, -8.006744952378936e-15, -1786.370361328125], [-3.665784333861666e-07, 1.017798662185669, -1.679136119037139e-08, 8357.517578125], [0.0, 6.958958920222358e-08, 0.24558594822883606, 2.372974157333374], [0.0, 0.0, 0.0, 1.0]], "original_world_bb": [[-2084.64208984375, 7734.1181640625, 0.4167712926864624], [-1488.0986328125, 8980.916015625, 4.329176902770996]], "computed_world_bb": [[-2084.6420856248683, 7734.118023524239, 0.416706656197283], [-1488.0986370313817, 8980.91615616326, 4.329241539260176]], "current_world_bb": [[-2084.64208984375, 7734.11865234375, 0.4167066812515259], [-1488.0987548828125, 8980.9169921875, 4.329241752624512]], "original_lowbb": [[-2084.6474542700116, 7734.116805564067, 0.41615724372747004], [-1488.104161284749, 8980.915046150874, 4.328648100711406]], "current_lowbb": [[-387.9851989746094, -612.4974975585938, -7.9656243324279785], [387.9851989746094, 612.4974975585938, 7.9656243324279785]]}, "1": {"original_transform": [[0.000841756584122777, 0.9999996423721313, -6.837262844783254e-08, -7021.1953125], [-0.9999996423721313, 0.000841756584122777, -5.7553128929299646e-11, 6371.994140625], [0.0, 6.837264976411461e-08, 1.0, 2.372974157333374], [0.0, 0.0, 0.0, 1.0]], "calculated_transform": [[0.0007750221280971517, 1.3286890011396075, -1.6791475378046862e-08, -7021.195556640625], [-0.9207196778096084, 0.001118433114943632, -1.4134340011440333e-11, 6371.994140625], [0.0, 9.084602020941825e-08, 0.24558769227975838, 2.3729742020368576], [0.0, 0.0, 0.0, 1.0]], "current_transform": [[0.0007751830271445215, 1.3286889791488647, -1.679147665356595e-08, -7021.1953125], [-0.9207196235656738, 0.0011186653282493353, -1.413727555160671e-11, 6371.994140625], [0.0, 9.084602226039351e-08, 0.24558769166469574, 2.372974157333374], [0.0, 0.0, 0.0, 1.0]], "original_world_bb": [[-7835.31494140625, 6014.08349609375, 0.4167705476284027], [-6207.076171875, 6729.90478515625, 4.3291778564453125]], "computed_world_bb": [[-7835.314941789471, 6014.083496019053, 0.4166798722698779], [-6207.076171491779, 6729.904785230947, 4.329268531803837]], "current_world_bb": [[-7835.31494140625, 6014.08349609375, 0.41667985916137695], [-6207.07568359375, 6729.90478515625, 4.329268455505371]], "original_lowbb": [[-6735.1277545273715, -7829.648377538554, 0.41719459551642646], [-6020.6762866239515, -6202.010424440359, 4.329713190253392]], "current_lowbb": [[-387.9851989746094, -612.4974975585938, -7.9656243324279785], [387.9851989746094, 612.4974975585938, 7.9656243324279785]]}, "2": {"original_transform": [[9.655991561885457e-07, -1.0, 6.837265686954197e-08, -7251.796875], [1.0, 9.655991561885457e-07, -6.602058038717579e-14, 3153.099609375], [0.0, 6.837265686954197e-08, 1.0, 2.372974157333374], [0.0, 0.0, 0.0, 1.0]], "calculated_transform": [[1.014510135171774e-06, -1.1480765228700618, 1.6791419627544763e-08, -7251.797119140625], [1.0506535022009462, 1.1085817217232113e-06, -1.6213780623565006e-14, 3153.0997314453125], [0.0, 7.849704215817158e-08, 0.24558676518303482, 2.3729740232229233], [0.0, 0.0, 0.0, 1.0]], "current_transform": [[9.560557145960047e-07, -1.1480765342712402, 1.679142158650393e-08, -7251.796875], [1.0506534576416016, 1.0447071190355928e-06, -1.4407071591499357e-14, 3153.099609375], [-3.7326709106423606e-15, 7.84970524136952e-08, 0.24558676779270172, 2.372973918914795], [0.0, 0.0, 0.0, 1.0]], "original_world_bb": [[-7954.9912109375, 2745.461669921875, 0.41677019000053406], [-6548.60302734375, 3560.73779296875, 4.3291778564453125]], "computed_world_bb": [[-7954.991229860861, 2745.4614932245822, 0.41669464199749706], [-6548.603008420389, 3560.7379696660428, 4.32925340444835]], "current_world_bb": [[-7954.99072265625, 2745.46142578125, 0.41669440269470215], [-6548.60302734375, 3560.73779296875, 4.329253196716309]], "original_lowbb": [[2745.454721009669, 6548.606166665901, 0.416226285914371], [3560.7307372196574, 7954.994161193928, 4.328730110842897]], "current_lowbb": [[-387.9851989746094, -612.4974975585938, -7.9656243324279785], [387.9851989746094, 612.4974975585938, 7.9656243324279785]]}}, "tpuwys": {"0": {"original_transform": [[-1.0, -3.2584136988589307e-07, 0.0, -616.79296875], [3.2584136988589307e-07, -1.0, 0.0, 5433.181640625], [0.0, 0.0, 1.0, 860.3641357421875], [0.0, 0.0, 0.0, 1.0]], "calculated_transform": [[-1.6202422953848683, -3.5988432140052437e-07, 0.0, -616.793212890625], [5.279419690752692e-07, -1.1044770697058905, 0.0, 5433.181884765625], [0.0, 0.0, 0.5838613785788095, 860.3641357421875], [0.0, 0.0, 0.0, 1.0]], "current_transform": [[-1.6202422380447388, -4.300992202388443e-07, 0.0, -616.793212890625], [6.30945578450337e-07, -1.104477047920227, 0.0, 5433.181640625], [0.0, 0.0, 0.5838613510131836, 860.3641357421875], [0.0, 0.0, 0.0, 1.0]], "original_world_bb": [[-1444.31298828125, 5125.53564453125, 851.0953369140625], [210.7265625, 5740.828125, 869.6329345703125]], "computed_world_bb": [[-1444.3130035859772, 5125.535539203574, 851.0953369140625], [210.72657780472719, 5740.828230327676, 869.6329345703125]], "current_world_bb": [[-1444.31298828125, 5125.53515625, 851.0953369140625], [210.7265625, 5740.828125, 869.6329345703125]], "original_lowbb": [[-210.7247938338286, -5740.827928566671, 851.0953369140625], [1444.314736473104, -5125.535374850309, 869.6329345703125]], "current_lowbb": [[-510.73828125, -278.54473876953125, -15.874999046325684], [510.73828125, 278.54473876953125, 15.874999046325684]]}}, "lvgliq": {"0": {"original_transform": [[-0.0012232342269271612, 0.009871870279312134, -0.9999505281448364, -1536.875], [-0.0014617929700762033, -0.9999501705169678, -0.00987011194229126, 4494.408203125], [-0.9999982118606567, 0.0014496472431346774, 0.0012376040685921907, 1100.0001220703125], [0.0, 0.0, 0.0, 1.0]], "calculated_transform": [[-0.0014580948974500846, 0.009686916877349613, -0.9583948742805343, -1538.350850870814], [-0.0017424568605726519, -0.9812157078023651, -0.009459901726367535, 4496.041732192978], [-1.191997622430864, 0.0014224873991217546, 0.0011861719520134544, 1115.2967489944178], [0.0, 0.0, 0.0, 1.0]], "current_transform": [[-0.0014580996939912438, 0.009708468802273273, -0.9583947658538818, -1538.350830078125], [-0.0017425024416297674, -0.9812155365943909, -0.009480983950197697, 4496.04150390625], [-1.1919976472854614, 0.0014224981423467398, 0.0011862065875902772, 1115.2967529296875], [0.0, 0.0, 0.0, 1.0]], "original_world_bb": [[-1606.783203125, 4108.9169921875, 12.706441879272461], [-1466.9580078125, 4879.896484375, 2187.29345703125]], "computed_world_bb": [[-1606.7901731887155, 4108.3575496048525, 12.707441828545598], [-1466.9510377487845, 4880.455926957648, 2187.292457081977]], "current_world_bb": [[-1606.784423828125, 4108.3583984375, 12.7076416015625], [-1466.9449462890625, 4880.45458984375, 2187.29248046875]], "original_lowbb": [[-2192.6129463330544, -4895.37171085098, 1426.5750315167345], [-16.762841519672286, -4120.14875648439, 1566.7388371449158]], "current_lowbb": [[-899.8555297851562, -393.3546142578125, -71.68144989013672], [925.5223999023438, 396.6697998046875, 74.55980682373047]]}, "1": {"original_transform": [[0.0014619268476963043, 0.9999490976333618, 0.009984523057937622, -5271.22265625], [-0.001223259954713285, 0.009986251592636108, -0.9999493956565857, 4732.455078125], [-0.9999982118606567, 0.0014496392104774714, 0.0012377968523651361, 1100.0001220703125], [0.0, 0.0, 0.0, 1.0]], "calculated_transform": [[0.001742547782958695, 0.9243505374223362, 0.008204740732195716, -5272.765226214087], [-0.001458068114301843, 0.009231266919857945, -0.8217094804400222, 4730.902710390058], [-1.1919506573029548, 0.0013400430243695424, 0.0010171608514106599, 1115.2961480085928], [0.0, 0.0, 0.0, 1.0]], "current_transform": [[0.0017425541300326586, 0.9243508577346802, 0.008175086230039597, -5272.76513671875], [-0.00145811983384192, 0.00919787771999836, -0.8217098116874695, 4730.90283203125], [-1.1919506788253784, 0.001340088783763349, 0.0010171534959226847, 1115.296142578125], [0.0, 0.0, 0.0, 1.0]], "original_world_bb": [[-5634.32861328125, 4672.5302734375, 12.706665992736816], [-4908.11669921875, 4792.38037109375, 2187.29345703125]], "computed_world_bb": [[-5635.031312457591, 4672.491508569434, 12.70760714815924], [-4907.4140000424095, 4792.419135961816, 2187.2925158758276]], "current_world_bb": [[-5635.033203125, 4672.48291015625, 12.7076416015625], [-4907.412109375, 4792.40966796875, 2187.29248046875]], "original_lowbb": [[-2201.375462759034, -5587.248523850143, -4840.834260239983], [-25.611086715041125, -4856.95184934805, -4720.660350916134]], "current_lowbb": [[-899.8555297851562, -393.3546142578125, -71.68144989013672], [925.5223999023438, 396.6697998046875, 74.55980682373047]]}, "2": {"original_transform": [[0.0014619268476963043, 0.9999490976333618, 0.009984523057937622, -6361.2265625], [-0.001223259954713285, 0.009986251592636108, -0.9999493956565857, 4732.455078125], [-0.9999982118606567, 0.0014496392104774714, 0.0012377968523651361, 1100.0001220703125], [0.0, 0.0, 0.0, 1.0]], "calculated_transform": [[0.0017425477862059286, 0.9243499256073606, 0.008204740732195716, -6362.769375590614], [-0.0014580681170189495, 0.009231260809808656, -0.8217094804400222, 4730.9027120580095], [-1.191950659524152, 0.0013400421374133965, 0.0010171608514106599, 1115.2961461312202], [0.0, 0.0, 0.0, 1.0]], "current_transform": [[0.0017425541300326586, 0.9243502616882324, 0.008175086230039597, -6362.76953125], [-0.00145811983384192, 0.009197871200740337, -0.8217098116874695, 4730.90283203125], [-1.1919506788253784, 0.0013400879688560963, 0.0010171534959226847, 1115.296142578125], [0.0, 0.0, 0.0, 1.0]], "original_world_bb": [[-6724.33251953125, 4672.5302734375, 12.70666217803955], [-5998.12109375, 4792.38037109375, 2187.29345703125]], "computed_world_bb": [[-6725.035222794517, 4672.491508671337, 12.707602866587422], [-5997.418390486734, 4792.419135859913, 2187.2925163427026]], "current_world_bb": [[-6725.037109375, 4672.48291015625, 12.7076416015625], [-5997.41650390625, 4792.40966796875, 2187.29248046875]], "original_lowbb": [[-2202.968968688005, -6677.196932958958, -4851.716867404273], [-27.204588589480863, -5946.9007418302435, -4731.542958080424]], "current_lowbb": [[-899.8555297851562, -393.3546142578125, -71.68144989013672], [925.5223999023438, 396.6697998046875, 74.55980682373047]]}, "3": {"original_transform": [[-0.0014617224223911762, -0.9999499320983887, -0.009902119636535645, -5262.35546875], [0.001223318511620164, -0.009903877973556519, 0.9999501705169678, 3742.564453125], [-0.9999982118606567, 0.0014495361829176545, 0.0012377339880913496, 1100.0001220703125], [0.0, 0.0, 0.0, 1.0]], "calculated_transform": [[-0.0017422490670681314, -0.8987573764267565, -0.005437905126618158, -5260.851770731182], [0.0014580918394279342, -0.00890162906990715, 0.5491402620530683, 3744.419958628169], [-1.1919129959256936, 0.0013028466114589471, 0.0006797233713399829, 1115.2955555809613], [0.0, 0.0, 0.0, 1.0]], "current_transform": [[-0.0017423469107598066, -0.8987574577331543, -0.005433717276901007, -5260.8515625], [0.0014581965515390038, -0.008894718252122402, 0.5491403341293335, 3744.419921875], [-1.1919130086898804, 0.0013029280817136168, 0.0006797659443691373, 1115.2955322265625], [0.0, 0.0, 0.0, 1.0]], "original_world_bb": [[-5615.51171875, 3702.61474609375, 12.706822395324707], [-4909.2001953125, 3782.51513671875, 2187.2939453125]], "computed_world_bb": [[-5616.279929562094, 3702.440461187676, 12.706667500012827], [-4908.431984500406, 3782.689421624824, 2187.2941002078114]], "current_world_bb": [[-5616.2802734375, 3702.4423828125, 12.7066650390625], [-4908.431640625, 3782.691162109375, 2187.2939453125]], "original_lowbb": [[-2175.5757510220883, 4871.583009754449, 3758.294154314133], [0.11987815582961495, 5581.658850862307, 3838.6051152638397]], "current_lowbb": [[-899.8555297851562, -393.3546142578125, -71.68144989013672], [925.5223999023438, 396.6697998046875, 74.55980682373047]]}, "4": {"original_transform": [[-0.0014617224223911762, -0.9999499320983887, -0.009902119636535645, -6392.359375], [0.001223318511620164, -0.009903877973556519, 0.9999501705169678, 3742.564453125], [-0.9999982118606567, 0.0014495361829176545, 0.0012377339880913496, 1100.0001220703125], [0.0, 0.0, 0.0, 1.0]], "calculated_transform": [[-0.001742249066875992, -0.8987579944215145, -0.005437876690614091, -6390.855431774622], [0.0014580918392671323, -0.00890163519075828, 0.5491373904776434, 3744.419964433602], [-1.1919129957942465, 0.0013028475073095932, 0.0006797198169167075, 1115.2955560494324], [0.0, 0.0, 0.0, 1.0]], "current_transform": [[-0.0017423469107598066, -0.898758053779602, -0.005433688405901194, -6390.85546875], [0.0014581965515390038, -0.00889472384005785, 0.5491374135017395, 3744.419921875], [-1.1919130086898804, 0.0013029290130361915, 0.0006797623354941607, 1115.2955322265625], [0.0, 0.0, 0.0, 1.0]], "original_world_bb": [[-6745.515625, 3702.61474609375, 12.706823348999023], [-6039.20361328125, 3782.51513671875, 2187.2939453125]], "computed_world_bb": [[-6746.283835771693, 3702.4406700162494, 12.706668225165231], [-6038.435402509556, 3782.6892127962506, 2187.294100436334]], "current_world_bb": [[-6746.2841796875, 3702.442626953125, 12.7066650390625], [-6038.43505859375, 3782.69091796875, 2187.2939453125]], "original_lowbb": [[-2173.9239991383047, 6001.529815108564, 3769.484029290479], [1.771629799672199, 6711.606144471828, 3849.794570276476]], "current_lowbb": [[-899.8555297851562, -393.3546142578125, -71.68144989013672], [925.5223999023438, 396.6697998046875, 74.55980682373047]]}, "5": {"original_transform": [[0.0014619268476963043, 0.9999490976333618, 0.009984523057937622, -7725.921875], [-0.001223259954713285, 0.009986251592636108, -0.9999493956565857, 5547.470703125], [-0.9999982118606567, 0.0014496392104774714, 0.0012377968523651361, 1000.0003051757812], [0.0, 0.0, 0.0, 1.0]], "calculated_transform": [[0.00158465069391386, 1.4147193665802507, 0.006335010302241911, -7728.2779826878605], [-0.0013259485172791138, 0.014128462699889896, -0.6344549077109358, 5544.3312927792], [-1.08394470136087, 0.0020509371086784773, 0.0007853660076592381, 1013.9087604506451], [0.0, 0.0, 0.0, 1.0]], "current_transform": [[0.0015846564201638103, 1.414719820022583, 0.006312113720923662, -7728.27783203125], [-0.0013259955449029803, 0.014077359810471535, -0.6344552040100098, 5544.3310546875], [-1.0839447975158691, 0.0020510072354227304, 0.0007853603456169367, 1013.9087524414062], [0.0, 0.0, 0.0, 1.0]], "original_world_bb": [[-8283.013671875, 5502.52685546875, 11.551582336425781], [-7168.830078125, 5592.41552734375, 1988.448974609375]], "computed_world_bb": [[-8282.962445200219, 5501.0430961227075, 11.174475994555678], [-7168.881304799781, 5593.8992866897925, 1988.826080951245]], "current_world_bb": [[-8282.9638671875, 5501.02978515625, 11.17437744140625], [-7168.8798828125, 5593.88427734375, 1988.826171875]], "original_lowbb": [[-2007.3853649613009, -8227.540553025454, -5666.634959792309], [-28.773035354442417, -7109.820806090086, -5573.846780558334]], "current_lowbb": [[-899.8555297851562, -393.3546142578125, -71.68144989013672], [925.5223999023438, 396.6697998046875, 74.55980682373047]]}, "6": {"original_transform": [[0.0014619268476963043, 0.9999490976333618, 0.009984523057937622, -3985.98046875], [-0.001223259954713285, 0.009986251592636108, -0.9999493956565857, 5592.474609375], [-0.9999982118606567, 0.0014496392104774714, 0.0012377968523651361, 1000.0003051757812], [0.0, 0.0, 0.0, 1.0]], "calculated_transform": [[0.0015845496067536618, 1.3138901208897493, 0.005668116707504504, -3988.17090413198], [-0.0013258639331050147, 0.01312150522800639, -0.5676651324910914, 5589.5140091719795], [-1.0838755549602828, 0.0019047636367434846, 0.0007026896527609544, 1013.9079988365338], [0.0, 0.0, 0.0, 1.0]], "current_transform": [[0.0015845553716644645, 1.3138905763626099, 0.005647630430757999, -3988.1708984375], [-0.0013259109109640121, 0.01307404413819313, -0.5676653981208801, 5589.51416015625], [-1.0838756561279297, 0.0019048287067562342, 0.0007026846287772059, 1013.9080200195312], [0.0, 0.0, 0.0, 1.0]], "original_world_bb": [[-4503.2802734375, 5552.5244140625, 11.551590919494629], [-3468.681640625, 5632.42578125, 1988.448974609375]], "computed_world_bb": [[-4503.2293000112595, 5550.925427214171, 11.290729813016014], [-3468.7326140512405, 5634.02476809833, 1988.7098357158534]], "current_world_bb": [[-4503.23046875, 5550.91357421875, 11.2906494140625], [-3468.7314453125, 5634.01123046875, 1988.7099609375]], "original_lowbb": [[-2001.9098473659071, -4447.509330903868, -5669.81274388517], [-23.42373630191169, -3409.45120565768, -5586.792479689405]], "current_lowbb": [[-899.8555297851562, -393.3546142578125, -71.68144989013672], [925.5223999023438, 396.6697998046875, 74.55980682373047]]}}, "tcxiue": {"0": {"original_transform": [[-0.6178213357925415, -0.7863186597824097, -2.06928296719866e-09, 3748.11328125], [0.7863186597824097, -0.6178213357925415, 2.6336346437005886e-09, 7450.615234375], [-3.3493232631798264e-09, 0.0, 1.0, 400.5007019042969], [0.0, 0.0, 0.0, 1.0]], "calculated_transform": [[-0.7956517561744343, -0.93784225243184, -2.202919322719379e-09, 3718.9210200362677], [1.0126484572858525, -0.7368754969142692, 2.8037176269210794e-09, 7491.142916839938], [-4.313374728191261e-09, -2.2175246780473094e-25, 1.0645810407769973, 418.2359704072352], [0.0, 0.0, 0.0, 1.0]], "current_transform": [[-0.7956517338752747, -0.9378423094749451, -2.2029191804051607e-09, 3718.9208984375], [1.0126484632492065, -0.7368754744529724, 2.8037179244932986e-09, 7491.14306640625], [-4.31337499051665e-09, 0.0, 1.064581036567688, 418.2359619140625], [0.0, 0.0, 0.0, 1.0]], "original_world_bb": [[3105.3564453125, 6795.70654296875, 5.022421360015869], [4390.8701171875, 8105.5263671875, 795.97900390625]], "computed_world_bb": [[3105.355691771245, 6795.706460622428, 5.022421360015812], [4390.870870728755, 8105.5264495338215, 795.97900390625]], "current_world_bb": [[3105.35546875, 6795.70654296875, 5.0224609375], [4390.87109375, 8105.5263671875, 795.97900390625]], "original_lowbb": [[3017.3313185401676, -8006.799266665944, 5.0224316886231595], [4035.9521735713, -7098.089092665095, 795.9790171426386]], "current_lowbb": [[-446.8467712402344, -380.9466247558594, -388.1466369628906], [344.1093444824219, 380.9466247558594, 354.827880859375]]}}, "idnnmz": {"0": {"original_transform": [[-0.9999995827674866, 0.0009287912398576736, -1.1826141843584992e-07, 346.72265625], [-0.0009287912398576736, -0.9999995827674866, -1.0984021331372773e-10, 7492.685546875], [-1.1826146817384142e-07, 0.0, 1.0, 351.2510070800781], [0.0, 0.0, 0.0, 1.0]], "calculated_transform": [[-1.4413725568731008, 0.0013032641380307346, -1.9285065203908265e-07, 346.7226669065488], [-0.0013387347627586623, -1.403182478838057, -1.7911807094862332e-10, 7492.685058603648], [-1.7045890588229435e-07, -1.79915204870742e-26, 1.6307148973943886, 402.5744789085832], [0.0, 0.0, 0.0, 1.0]], "current_transform": [[-1.4413726329803467, 0.0013032641727477312, -1.928506634385485e-07, 346.72265625], [-0.0013387348735705018, -1.4031825065612793, -1.7911808147808017e-10, 7492.68505859375], [-1.7045891809175373e-07, 0.0, 1.6307148933410645, 402.5744934082031], [0.0, 0.0, 0.0, 1.0]], "original_world_bb": [[-6.017578125, 6654.798828125, 6.145599365234375], [699.462890625, 8330.5712890625, 696.3564453125]], "computed_world_bb": [[-6.018094069056701, 6654.798588148168, 6.145594740453305], [699.4634065690567, 8330.571529039333, 696.356449937281]], "current_world_bb": [[-6.018096923828125, 6654.79833984375, 6.145599365234375], [699.46337890625, 8330.5712890625, 696.3564453125]], "original_lowbb": [[-705.6452084793199, -8329.919964908036, 6.145515914719804], [-1.7190251014422446, -6654.800101919455, 696.3564451092028]], "current_lowbb": [[-244.1859588623047, -596.8999633789062, -243.10130310058594], [244.1859588623047, 596.8999633789062, 180.1553497314453]]}}, "skczfi": {"0": {"original_transform": [[-0.9999818801879883, -0.006022504530847073, 1.7196736479263564e-08, -3216.14453125], [0.006022504530847073, -0.9999818801879883, 2.8553608899528626e-06, 6077.517578125], [0.0, 2.8554127311508637e-06, 1.0, 348.8192138671875], [0.0, 0.0, 0.0, 1.0]], "calculated_transform": [[-0.902040669540211, -0.004227433393087211, 2.4655017651573497e-08, -3217.506762260761], [0.0054326424577743095, -0.7019267102476142, 4.0937405328644585e-06, 6090.684985042028], [0.0, 2.0043267828003957e-06, 1.4337033646134565, 472.16994724699117], [0.0, 0.0, 0.0, 1.0]], "current_transform": [[-0.9020407199859619, -0.004227478057146072, 2.4655280483898423e-08, -3217.5068359375], [0.005432699806988239, -0.7019267678260803, 4.093740699318005e-06, 6090.68505859375], [0.0, 2.00432691599417e-06, 1.4337034225463867, 472.1699523925781], [0.0, 0.0, 0.0, 1.0]], "original_world_bb": [[-3443.013671875, 5657.1865234375, 4.130075931549072], [-2989.27490234375, 6497.849609375, 693.5083618164062]], "computed_world_bb": [[-3443.013747110133, 5657.1865050708075, 4.130075933097373], [-2989.274827108617, 6497.849627741692, 693.508361814858]], "current_world_bb": [[-3443.013916015625, 5657.1865234375, 4.13006591796875], [-2989.27490234375, 6497.849609375, 693.5083618164062]], "original_lowbb": [[3028.33758961105, -6477.024688916464, 4.146576545260392], [3477.0379418113025, -5639.048622559902, 693.5268563951353]], "current_lowbb": [[-250.3078155517578, -578.15380859375, -326.45574951171875], [247.11123657226562, 615.6472778320312, 154.3831024169922]]}}, "fqluyq": {"0": {"original_transform": [[-1.6292068494294654e-07, 1.0, 0.0, 3173.203125], [-1.0, -1.6292068494294654e-07, 0.0, 5632.697265625], [0.0, 0.0, 1.0, 200.03988647460938], [0.0, 0.0, 0.0, 1.0]], "calculated_transform": [[-1.7288232188349086e-07, 1.331743717591655, 0.0, 3162.3008954319585], [-1.0611440894938098, -2.1696859863849842e-07, 0.0, 5634.207959899132], [0.0, 0.0, 0.9723838481748195, 272.3581353524742], [0.0, 0.0, 0.0, 1.0]], "current_transform": [[-1.7288232356804656e-07, 1.3317437171936035, 0.0, 3162.30078125], [-1.0611441135406494, -2.1696860130759887e-07, 0.0, 5634.2080078125], [0.0, 0.0, 0.9723838567733765, 272.3581237792969], [0.0, 0.0, 0.0, 1.0]], "original_world_bb": [[2375.0712890625, 5354.3623046875, 2.1031434535980225], [3971.333984375, 5911.0322265625, 397.97662353515625]], "computed_world_bb": [[2375.071289062521, 5354.362151227755, 2.1031434535980225], [3971.3339843749786, 5911.032380022245, 397.97662353515625]], "current_world_bb": [[2375.0712890625, 5354.3623046875, 2.103118896484375], [3971.333984375, 5911.0322265625, 397.97662353515625]], "original_lowbb": [[-5911.032820272604, 2375.0703713795715, 2.1031434535980225], [-5354.362744937941, 3971.3330666920506, 397.97662353515625]], "current_lowbb": [[-260.87347412109375, -591.126953125, -277.93035888671875], [263.72076416015625, 607.4990844726562, 129.1861114501953]]}}, "cybisc": {"0": {"original_transform": [[-0.00018060317961499095, 0.9999420642852783, -0.010762320831418037, -3211.95703125], [0.014853664673864841, -0.01075845118612051, -0.9998317956924438, 9068.166015625], [-0.9998896718025208, -0.00034043268533423543, -0.014850861392915249, 525.0548706054688], [0.0, 0.0, 0.0, 1.0]], "calculated_transform": [[-0.0001805738464917138, 1.1474557107823469, -0.08314263495654227, -3202.302393203766], [0.014851252178260254, -0.012345561501334108, -7.7240449786318015, 9127.105070623342], [-0.9997272721865835, -0.0003906540807466303, -0.11472801594941165, 652.9511299197812], [0.0, 0.0, 0.0, 1.0]], "current_transform": [[-0.00018057384295389056, 1.1474556922912598, -0.08314263075590134, -3202.302490234375], [0.014851252548396587, -0.012345561757683754, -7.7240447998046875, 9127.10546875], [-0.9997272491455078, -0.00039065408054739237, -0.11472801864147186, 652.9511108398438], [0.0, 0.0, 0.0, 1.0]], "original_world_bb": [[-3406.4638671875, 8873.896484375, 5.566540241241455], [-3017.45068359375, 9262.435546875, 1044.5433349609375]], "computed_world_bb": [[-3408.2214474157963, 8874.478135282417, 2.8801904817445347], [-3015.6931033654537, 9261.85389596758, 1047.2296847204343]], "current_world_bb": [[-3408.2216796875, 8874.478515625, 2.88018798828125], [-3015.693115234375, 9261.8544921875, 1047.229736328125]], "original_lowbb": [[-909.206778468617, -3505.7179682362807, -9231.410082096592], [132.2568343687886, -3114.8503141570445, -8844.692459807875]], "current_lowbb": [[-392.6895446777344, -178.59246826171875, -16.971948623657227], [648.9432373046875, 162.02635192871094, 33.08635330200195]]}, "1": {"original_transform": [[-0.00018060317961499095, 0.9999420642852783, -0.010762320831418037, -5442.01171875], [0.014853664673864841, -0.01075845118612051, -0.9998317956924438, 9018.076171875], [-0.9998896718025208, -0.00034043268533423543, -0.014850861392915249, 525.0548706054688], [0.0, 0.0, 0.0, 1.0]], "calculated_transform": [[-0.0001806895563032584, 1.5588007600307177, -0.10450812263142496, -5428.934511062272], [0.014860768703627214, -0.016771253539855265, -9.708922988301035, 9093.345318660007], [-1.0003678868520411, -0.0005306975007878596, -0.14421012235621636, 652.9975183113922], [0.0, 0.0, 0.0, 1.0]], "current_transform": [[-0.00018068955978378654, 1.5588006973266602, -0.10450811684131622, -5428.9345703125], [0.014860768802464008, -0.01677125319838524, -9.708922386169434, 9093.345703125], [-1.0003678798675537, -0.0005306974635459483, -0.1442101150751114, 652.9974975585938], [0.0, 0.0, 0.0, 1.0]], "original_world_bb": [[-5706.341796875, 8773.994140625, 5.5666680335998535], [-5177.681640625, 9262.158203125, 1044.54345703125]], "computed_world_bb": [[-5708.5186619023725, 8774.721179429336, 2.0874702299474848], [-5175.504775597628, 9261.431164320662, 1048.0226548349024]], "current_world_bb": [[-5708.5185546875, 8774.7216796875, 2.08740234375], [-5175.5048828125, 9261.431640625, 1048.022705078125]], "original_lowbb": [[-909.5624100927225, -5805.39585300853, -9207.25796056575], [132.56856161593294, -5274.4082161656925, -8721.164000288849]], "current_lowbb": [[-392.6895446777344, -178.59246826171875, -16.971948623657227], [648.9432373046875, 162.02635192871094, 33.08635330200195]]}}, "rbqanz": {"0": {"original_transform": [[-0.9999005198478699, -0.014103271067142487, -5.912677352171158e-06, 554.37109375], [0.014103271067142487, -0.9999005198478699, 1.583474295330234e-05, 7127.474609375], [-6.135411240393296e-06, 1.5749779777252115e-05, 1.0, 841.6009521484375], [0.0, 0.0, 0.0, 1.0]], "calculated_transform": [[-0.9384307445743424, -0.026664080023566843, -6.974203720244674e-06, 564.8622166378259], [0.013236259913622143, -1.8904428034607286, 1.8677615936233763e-05, 7128.702036059007], [-5.758231368324591e-06, 2.9777020057402658e-05, 1.1795338767496173, 915.0072331633772], [0.0, 0.0, 0.0, 1.0]], "current_transform": [[-0.9384307265281677, -0.02666419930756092, -6.974201824050397e-06, 564.8622436523438], [0.013236318714916706, -1.8904427289962769, 1.8677617845241912e-05, 7128.7021484375], [-5.758231054642238e-06, 2.9777022064081393e-05, 1.179533839225769, 915.0072631835938], [0.0, 0.0, 0.0, 1.0]], "original_world_bb": [[465.53515625, 6773.1845703125, 703.4089965820312], [643.2041015625, 7480.466796875, 1097.8319091796875]], "computed_world_bb": [[465.53225825865627, 6772.977561735589, 703.4052619283805], [643.2069995538437, 7480.67380545191, 1097.8356438333383]], "current_world_bb": [[465.5322570800781, 6772.9775390625, 703.4053344726562], [643.20703125, 7480.673828125, 1097.835693359375]], "original_lowbb": [[-541.9878950650707, -7487.421422496926, 703.5143578301521], [-367.9641256452763, -6780.328287253183, 1097.947005408352]], "current_lowbb": [[-82.80709838867188, -185.9068145751953, -179.39523315429688], [102.61570739746094, 188.09170532226562, 155.00181579589844]]}, "1": {"original_transform": [[-0.9999005198478699, -0.014103271067142487, -5.912677352171158e-06, -3135.62890625], [0.014103271067142487, -0.9999005198478699, 1.583474295330234e-05, 6057.478515625], [-6.135411240393296e-06, 1.5749779777252115e-05, 1.0, 841.6009521484375], [0.0, 0.0, 0.0, 1.0]], "calculated_transform": [[-0.9384281117583428, -0.026664074030423764, -6.97420803629088e-06, -3125.1361007201676], [0.013236222778610236, -1.8904423785559807, 1.8677627495037696e-05, 6058.7022802632], [-5.758215213308611e-06, 2.9777013364580648e-05, 1.1795346067143442, 915.007303101558], [0.0, 0.0, 0.0, 1.0]], "current_transform": [[-0.9384281039237976, -0.026664191856980324, -6.9742063715239055e-06, -3125.135986328125], [0.013236281462013721, -1.8904422521591187, 1.8677628759178333e-05, 6058.7021484375], [-5.758215138484957e-06, 2.977701478812378e-05, 1.1795345544815063, 915.00732421875], [0.0, 0.0, 0.0, 1.0]], "original_world_bb": [[-3224.462890625, 5703.18505859375, 703.4089965820312], [-3046.79443359375, 6410.466796875, 1097.83203125]], "computed_world_bb": [[-3224.4657882594074, 5702.977886293775, 703.4052009198939], [-3046.791535959342, 6410.673969174975, 1097.8358269121375]], "current_world_bb": [[-3224.465576171875, 5702.9775390625, 703.4052734375], [-3046.79150390625, 6410.673828125, 1097.8358154296875]], "original_lowbb": [[3132.5522185740983, -6365.486755019023, 703.519232478525], [3306.5754997612053, -5658.393778704833, 1097.9521241547754]], "current_lowbb": [[-82.80709838867188, -185.9068145751953, -179.39523315429688], [102.61570739746094, 188.09170532226562, 155.00181579589844]]}}, "udotid": {"0": {"original_transform": [[0.509459912776947, 0.8604943752288818, 2.6484067348064855e-05, 1641.75390625], [-0.8604943752288818, 0.509459912776947, -5.509638867806643e-05, 8676.05078125], [-6.0902704717591405e-05, 5.280013283481821e-06, 1.0, 1130.139404296875], [0.0, 0.0, 0.0, 1.0]], "calculated_transform": [[0.4629074936022662, 1.2690357396397927, 2.8832279756521352e-05, 1681.2377664463106], [-0.7818658239955518, 0.7513388295902693, -5.998152226937983e-05, 8655.642085674388], [-5.533765795379151e-05, 7.786832464303038e-06, 1.0886651679565558, 1118.98105393476], [0.0, 0.0, 0.0, 1.0]], "current_transform": [[0.462907612323761, 1.2690356969833374, 2.883228808059357e-05, 1681.23779296875], [-0.7818657755851746, 0.7513390183448792, -5.998151391395368e-05, 8655.6416015625], [-5.5337659432552755e-05, 7.786832611600403e-06, 1.0886651277542114, 1118.9810791015625], [0.0, 0.0, 0.0, 1.0]], "original_world_bb": [[1088.3076171875, 8280.1103515625, 764.3193969726562], [2264.4970703125, 8976.458984375, 1495.95947265625]], "computed_world_bb": [[1088.3079547780183, 8280.104968900196, 764.318127526638], [2264.496732721982, 8976.464367037303, 1495.9607421022681]], "current_wor